问题,出现总次数,出现的数据集数量,出现的数据集列表
Which cropping season best matches the vegetation state in the image?,1431,1,Landsat30-AU-VQA-train
Which type of land cover is most prominent in this image?,44,1,Landsat30-AU-VQA-train
What is the spatial relationship between the river and the cultivated fields?,10,1,Landsat30-AU-VQA-train
What is the spatial relationship between the shadows and the bare surface in the image?,1,1,Landsat30-AU-VQA-train
What is the spatial relationship between the river and the surrounding bare surfaces?,1,1,Landsat30-AU-VQA-train
"Given the cloud cover in this satellite image, can it be used for further analysis",1490,1,Landsat30-AU-VQA-train
How many prominent vegetated surfaces can be seen in the image?,1,1,Landsat30-AU-VQA-train
Which of the following objects can be identified in the image?,28,1,Landsat30-AU-VQA-train
How many distinct open pit mines are visible in the image?,8,1,Landsat30-AU-VQA-train
Which thin linear structure appears most prominently in this image?,687,1,Landsat30-AU-VQA-train
What is the dominant settlement type visible in this satellite image?,1353,1,Landsat30-AU-VQA-train
Which of the following objects from the list is visible in the image?,42,1,Landsat30-AU-VQA-train
Does this image contain any visible Overhead powerline?,169,1,Landsat30-AU-VQA-train
Which type of land cover dominates the upper portion of the image?,1,1,Landsat30-AU-VQA-train
Does this image contain any visible Pipeline?,169,1,Landsat30-AU-VQA-train
What type of land cover is most dominant in the image?,9,1,Landsat30-AU-VQA-train
What is the spatial relationship between the islands and the water in the image?,1,1,Landsat30-AU-VQA-train
What is the spatial relation between the cropland and the bare or sparsely vegetated land in the image?,1,1,Landsat30-AU-VQA-train
What is the spatial relation between the river and the cultivated fields in the image?,13,1,Landsat30-AU-VQA-train
How many lakes can be observed in the image?,1,1,Landsat30-AU-VQA-train
What is the predominant type of land cover visible in the image?,14,1,Landsat30-AU-VQA-train
What is the dominant land cover type in this image?,132,1,Landsat30-AU-VQA-train
Which of the following objects can be seen in the image?,252,1,Landsat30-AU-VQA-train
What is the relationship between the bare surfaces and the patches of natural vegetation?,1,1,Landsat30-AU-VQA-train
What is the spatial relationship between the road corridor and the cropland in the image?,4,1,Landsat30-AU-VQA-train
What is the spatial relationship between the town and the cultivated vegetation in the image?,1,1,Landsat30-AU-VQA-train
What is the spatial relation between the forested areas and cropland in the image?,1,1,Landsat30-AU-VQA-train
What is the spatial relationship between the cropland and the river in the image?,20,1,Landsat30-AU-VQA-train
What type of land cover is predominantly shown in the image?,13,1,Landsat30-AU-VQA-train
Which type of landscape is predominantly visible in the image?,14,1,Landsat30-AU-VQA-train
Which of the following objects can be observed in the image?,87,1,Landsat30-AU-VQA-train
What is the spatial relationship between bare surfaces and vegetated surfaces in this image?,1,1,Landsat30-AU-VQA-train
Does this image contain any visible Railway track?,188,1,Landsat30-AU-VQA-train
What is the dominant land cover type in the lower half of the image?,2,1,Landsat30-AU-VQA-train
What is the spatial relation between the bare surface and vegetation in the image?,2,1,Landsat30-AU-VQA-train
Which of the following objects is visible in the image?,600,1,Landsat30-AU-VQA-train
What type of landscape is primarily depicted in this image?,52,1,Landsat30-AU-VQA-train
What type of land cover dominates the image?,23,1,Landsat30-AU-VQA-train
How many distinct shorelines are visible in the image?,1,1,Landsat30-AU-VQA-train
How many distinct river or stream features can be identified in the image?,2,1,Landsat30-AU-VQA-train
Does this image contain any visible Fence wire?,187,1,Landsat30-AU-VQA-train
How many distinct lakes are visible in the image?,4,1,Landsat30-AU-VQA-train
How many roads can be observed in the image?,2,1,Landsat30-AU-VQA-train
Which of the following objects is present in the image?,75,1,Landsat30-AU-VQA-train
How many distinct complete islands can be observed in the image?,3,1,Landsat30-AU-VQA-train
Which of the following objects is visible in the bottom of the image?,1,1,Landsat30-AU-VQA-train
How many distinct bare surface areas can be observed in the image?,1,1,Landsat30-AU-VQA-train
What is the primary land cover type visible in this image?,7,1,Landsat30-AU-VQA-train
Which type of land cover is most dominant in the image?,27,1,Landsat30-AU-VQA-train
What is the spatial relationship between the river and the agricultural fields in the image?,4,1,Landsat30-AU-VQA-train
How many distinct urban areas (city or dense urban fabric) are visible in the image?,1,1,Landsat30-AU-VQA-train
What is the predominant land cover type in the image?,60,1,Landsat30-AU-VQA-train
What is the spatial relationship between the road corridor and the river in the image?,3,1,Landsat30-AU-VQA-train
What type of landscape is primarily depicted in the image?,55,1,Landsat30-AU-VQA-train
Which type of landscape is primarily depicted in this image?,32,1,Landsat30-AU-VQA-train
How many distinct golf courses are visible in the image?,3,1,Landsat30-AU-VQA-train
What is the spatial relationship between the cropland and the urban area in the image?,1,1,Landsat30-AU-VQA-train
What is the dominant type of land cover visible in the image?,19,1,Landsat30-AU-VQA-train
What is the spatial relation between the cropland and the forest in the image?,2,1,Landsat30-AU-VQA-train
What is the spatial relationship between the river and the cultivated fields in the image?,7,1,Landsat30-AU-VQA-train
What type of land cover is most prominent in the image?,19,1,Landsat30-AU-VQA-train
What is the dominant land-cover type in this image?,10,1,Landsat30-AU-VQA-train
Which of the following features is visible in the image?,119,1,Landsat30-AU-VQA-train
Which of the following objects is visible along the edge where land meets water?,1,1,Landsat30-AU-VQA-train
What is the spatial relation between bare surfaces and natural terrestrial vegetation in the image?,1,1,Landsat30-AU-VQA-train
What type of scene is primarily depicted in the image?,7,1,Landsat30-AU-VQA-train
How many distinct water bodies (such as rivers or ponds) are visible in the image?,2,1,Landsat30-AU-VQA-train
What is the spatial relation between the cropland patches and the natural vegetation areas in the image?,1,1,Landsat30-AU-VQA-train
How many distinct roads are visible in the image?,6,1,Landsat30-AU-VQA-train
What is the dominant type of land cover visible in this image?,7,1,Landsat30-AU-VQA-train
How many distinct water bodies can be identified in the image?,8,1,Landsat30-AU-VQA-train
What is the spatial relation between the field boundaries and the rectangular fields?,1,1,Landsat30-AU-VQA-train
How many river or watercourse branches can be seen in the lower part of the image?,1,1,Landsat30-AU-VQA-train
What is the spatial relationship between the cropland and the road corridor in the image?,3,1,Landsat30-AU-VQA-train
What is the spatial relationship between the small lake and the bare surface in the image?,1,1,Landsat30-AU-VQA-train
What is the dominant land-cover type shown in the image?,2,1,Landsat30-AU-VQA-train
Which type of land cover best describes the majority of this scene?,4,1,Landsat30-AU-VQA-train
What is the spatial relationship between the river and the forest in the image?,1,1,Landsat30-AU-VQA-train
What is the spatial relationship between the natural bare surfaces and the small water body in the image?,1,1,Landsat30-AU-VQA-train
What is the dominant type of land cover in this image?,31,1,Landsat30-AU-VQA-train
What is the spatial relation between the road corridor and the bare surface in the image?,2,1,Landsat30-AU-VQA-train
What is the predominant land cover type in this image?,94,1,Landsat30-AU-VQA-train
Which of the following objects is visible in the top right corner of the image?,3,1,Landsat30-AU-VQA-train
What is the spatial relationship between the cropland and the bare surfaces?,1,1,Landsat30-AU-VQA-train
What is the dominant land cover type visible in the image?,38,1,Landsat30-AU-VQA-train
What is the spatial relation between the bare soil and the darker areas in the image?,1,1,Landsat30-AU-VQA-train
What is the primary type of landscape depicted in the image?,2,1,Landsat30-AU-VQA-train
What is the spatial relation between the road corridors and the natural bare surfaces?,1,1,Landsat30-AU-VQA-train
What is the spatial relation between the road corridor and the cropland fields?,1,1,Landsat30-AU-VQA-train
How many distinct watercourses (rivers or streams) are visible in the image?,1,1,Landsat30-AU-VQA-train
How many distinct rivers can be identified in the image?,10,1,Landsat30-AU-VQA-train
Which type of landscape is most prominent in this image?,11,1,Landsat30-AU-VQA-train
Which of the following objects from the list can be seen in the image?,5,1,Landsat30-AU-VQA-train
What is the spatial relation between the river and the bare surface in the image?,8,1,Landsat30-AU-VQA-train
How many major road corridors are visible crossing the image?,1,1,Landsat30-AU-VQA-train
What is the primary land cover type visible in the image?,7,1,Landsat30-AU-VQA-train
How many distinct circular irrigated fields are visible in the image?,3,1,Landsat30-AU-VQA-train
How many distinct rivers or streams can be observed in the image?,3,1,Landsat30-AU-VQA-train
What is the spatial relation between the river and the bare surfaces in the image?,6,1,Landsat30-AU-VQA-train
What is the spatial relationship between the cropland fields and the river in the image?,4,1,Landsat30-AU-VQA-train
Which of the following objects can be seen along the left edge of the image?,1,1,Landsat30-AU-VQA-train
What is the spatial relation between the river and the cropland fields in the image?,5,1,Landsat30-AU-VQA-train
How many distinct river segments are visible in the image?,5,1,Landsat30-AU-VQA-train
What is the relationship between bare ground and natural vegetation in the image?,1,1,Landsat30-AU-VQA-train
What is the spatial relationship between the river and the natural bare surface in the image?,4,1,Landsat30-AU-VQA-train
How many distinct rivers can be seen in the image?,12,1,Landsat30-AU-VQA-train
How many distinct water bodies are visible in the upper side of the image?,1,1,Landsat30-AU-VQA-train
How many distinct linear tracks or paths are visible in the image?,1,1,Landsat30-AU-VQA-train
What is the spatial relation between the cropland and the natural terrestrial vegetation in the image?,2,1,Landsat30-AU-VQA-train
What is the dominant land cover type in the image?,53,1,Landsat30-AU-VQA-train
Which of the following objects is visible in the upper left part of the image?,9,1,Landsat30-AU-VQA-train
Which of the following objects is clearly visible in the image?,68,1,Landsat30-AU-VQA-train
Which type of land cover dominates the image?,25,1,Landsat30-AU-VQA-train
Which of the following objects from the list is clearly visible in the image?,8,1,Landsat30-AU-VQA-train
What is the spatial relationship between the coastline and the water body in the image?,7,1,Landsat30-AU-VQA-train
What is the spatial relation between the rectangular fields and the bare surfaces in the image?,1,1,Landsat30-AU-VQA-train
Which type of landscape is primarily depicted in the image?,29,1,Landsat30-AU-VQA-train
What is the spatial relationship between the cropland and the natural vegetation in the image?,1,1,Landsat30-AU-VQA-train
Which type of land cover is most dominant in this image?,41,1,Landsat30-AU-VQA-train
How many towns are visible in the image?,2,1,Landsat30-AU-VQA-train
How many distinct irrigated circles are visible in the image?,8,1,Landsat30-AU-VQA-train
How does the natural terrestrial vegetation relate spatially to the cultivated terrestrial vegetation in the image?,1,1,Landsat30-AU-VQA-train
What is the spatial relation between the cultivated land and the river in the image?,2,1,Landsat30-AU-VQA-train
How many distinct river courses can be identified in the image?,1,1,Landsat30-AU-VQA-train
What is the spatial relationship between the bare surface and the small water bodies in the image?,1,1,Landsat30-AU-VQA-train
What type of landscape is predominantly visible in the image?,15,1,Landsat30-AU-VQA-train
What is the spatial relation between the water channels and the bare surfaces in the image?,1,1,Landsat30-AU-VQA-train
How many distinct drainage channels are visible in the image?,1,1,Landsat30-AU-VQA-train
What type of landscape is primarily shown in the image?,35,1,Landsat30-AU-VQA-train
What is the spatial relation between the road corridor and the natural terrestrial vegetation?,5,1,Landsat30-AU-VQA-train
What is the spatial relationship between the natural terrestrial vegetation and the agricultural fields?,1,1,Landsat30-AU-VQA-train
What type of landscape is predominantly visible in this image?,5,1,Landsat30-AU-VQA-train
Which type of landscape best describes the central area of the image?,2,1,Landsat30-AU-VQA-train
How many twons can be seen in the image?,1,1,Landsat30-AU-VQA-train
How many river-like green corridors are visible in the image?,1,1,Landsat30-AU-VQA-train
Which type of land cover best describes the majority of the area in the image?,20,1,Landsat30-AU-VQA-train
How many distinct irrigated circles can be seen in the image?,5,1,Landsat30-AU-VQA-train
What is the predominant type of land cover in the image?,16,1,Landsat30-AU-VQA-train
How many river segments can be seen in the image?,1,1,Landsat30-AU-VQA-train
What is the spatial relationship between the river and the bare ground in the image?,17,1,Landsat30-AU-VQA-train
Which of the following features is visible winding across the left side of the image?,1,1,Landsat30-AU-VQA-train
What is the spatial relationship between the bare ground and the road corridors in the image?,1,1,Landsat30-AU-VQA-train
What is the spatial relationship between the sandy beach and the ocean in the image?,1,1,Landsat30-AU-VQA-train
What type of landscape is predominantly shown in the image?,36,1,Landsat30-AU-VQA-train
What is the spatial relation between the river and the natural bare surfaces in the image?,10,1,Landsat30-AU-VQA-train
What is the spatial relationship between the green vegetated surfaces and the surrounding brown areas?,1,1,Landsat30-AU-VQA-train
How many distinct rivers are visible in the image?,8,1,Landsat30-AU-VQA-train
How many distinct ponds or lakes can be seen in the image?,1,1,Landsat30-AU-VQA-train
Which of the following objects is visible as a winding feature through the center of the image?,1,1,Landsat30-AU-VQA-train
How many distinct water bodies are visible in the image?,30,1,Landsat30-AU-VQA-train
How many distinct linear road corridors can be observed crossing the land area in the image?,1,1,Landsat30-AU-VQA-train
What is the spatial relation between the agricultural fields and the road corridors?,1,1,Landsat30-AU-VQA-train
Which type of land cover best describes the environment in the image?,8,1,Landsat30-AU-VQA-train
Which type of land cover best describes the majority of the area in this image?,11,1,Landsat30-AU-VQA-train
Approximately how many large rectangular fields can be seen in the image?,1,1,Landsat30-AU-VQA-train
Which of the following features can be observed in the image?,18,1,Landsat30-AU-VQA-train
Which of the following objects can be seen in the right edge of the image?,1,1,Landsat30-AU-VQA-train
Which type of land cover is most prominent in the lower part of the image?,2,1,Landsat30-AU-VQA-train
How many towns can be observed crossing the image?,2,1,Landsat30-AU-VQA-train
What is the spatial relationship between the cropland and the meandering river?,2,1,Landsat30-AU-VQA-train
What is the primary land cover type depicted in this image?,4,1,Landsat30-AU-VQA-train
What is the spatial relationship between the cultivated terrestrial vegetation and the natural terrestrial vegetation?,2,1,Landsat30-AU-VQA-train
How many major water bodies (such as rivers or lakes) can be seen in the image?,1,1,Landsat30-AU-VQA-train
Which type of landscape is predominantly shown in the image?,19,1,Landsat30-AU-VQA-train
What is the spatial relationship between the road corridors and the green fields in the image?,2,1,Landsat30-AU-VQA-train
How many distinct rectangular fields can be observed in the image?,3,1,Landsat30-AU-VQA-train
What is the spatial relation between the small town and the cropland fields?,2,1,Landsat30-AU-VQA-train
How many major road networks are visible in the image?,1,1,Landsat30-AU-VQA-train
How many distinct water bodies (including ocean and rivers) are visible in the left part of the image?,1,1,Landsat30-AU-VQA-train
How many distinct urban areas are visible in the image?,6,1,Landsat30-AU-VQA-train
How many major water bodies (such as rivers or estuaries or oceans) can be observed in the image?,1,1,Landsat30-AU-VQA-train
Which of the following objects is visible in the upper left corner of the image?,5,1,Landsat30-AU-VQA-train
What is the spatial relationship between the cropland fields and the urban fabric in the image?,1,1,Landsat30-AU-VQA-train
Which type of land cover is most prominent in the image?,41,1,Landsat30-AU-VQA-train
How many distinct clouds are visible in the image?,14,1,Landsat30-AU-VQA-train
What is the predominant land cover type visible in the image?,40,1,Landsat30-AU-VQA-train
What is the spatial relation between the road corridor and the river in the image?,8,1,Landsat30-AU-VQA-train
What type of environment is primarily depicted in left side of the image?,1,1,Landsat30-AU-VQA-train
Which of the following objects is clearly visible along the bottom edges of the image?,1,1,Landsat30-AU-VQA-train
How many distinct road corridors connect to the urban area can be observed in the image?,1,1,Landsat30-AU-VQA-train
What is the predominant type of land cover in this image?,29,1,Landsat30-AU-VQA-train
What is the predominant land-cover type visible in the image?,2,1,Landsat30-AU-VQA-train
What is the spatial relation between the river and the fields in the image?,7,1,Landsat30-AU-VQA-train
What is the spatial relationship between the ocean and the vegetated land in the image?,1,1,Landsat30-AU-VQA-train
How many distinct river segments can be seen in the bottom left corner of the image?,1,1,Landsat30-AU-VQA-train
What is the spatial relationship between the urban area and the agricultural fields in the image?,1,1,Landsat30-AU-VQA-train
What is the dominant land cover type in the lower part of the image?,2,1,Landsat30-AU-VQA-train
What is the spatial relation between cultivated fields and bare land in the image?,1,1,Landsat30-AU-VQA-train
Which of the following objects is clearly present in the image?,7,1,Landsat30-AU-VQA-train
Which of the following features can be seen in the image?,19,1,Landsat30-AU-VQA-train
What is the spatial relation between the urban area and the lake?,1,1,Landsat30-AU-VQA-train
What is the relationship between the river and the natural bare surfaces in the image?,1,1,Landsat30-AU-VQA-train
What is the spatial relation between the stream networks and the bare terrain in the image?,1,1,Landsat30-AU-VQA-train
How many distinct water bodies (excluding the river) are visible in the image?,1,1,Landsat30-AU-VQA-train
How many small lakes or ponds are visible in the image?,2,1,Landsat30-AU-VQA-train
Which type of landscape best describes the central part of this image?,1,1,Landsat30-AU-VQA-train
How many distinct ponds or lakes can be observed in the image?,4,1,Landsat30-AU-VQA-train
Where is the cropland located relative to the water body?,1,1,Landsat30-AU-VQA-train
Which type of landscape is primarily visible in this image?,7,1,Landsat30-AU-VQA-train
What is the spatial relation between the cropland and the bare surface?,1,1,Landsat30-AU-VQA-train
Which of the following features can be identified in the image?,2,1,Landsat30-AU-VQA-train
What is the spatial relationship between the artificial area and the natural terrestrial vegetation?,1,1,Landsat30-AU-VQA-train
How many distinct clouds can be observed in the image?,2,1,Landsat30-AU-VQA-train
What is the relationship between the river and the surrounding natural bare surfaces?,1,1,Landsat30-AU-VQA-train
Where are the artificial surfaces (urban fabric) located in relation to the patchwork fields?,1,1,Landsat30-AU-VQA-train
How many distinct water bodies (such as lakes or ponds) are visible in the image?,2,1,Landsat30-AU-VQA-train
How many horse tracks are visible in the image?,1,1,Landsat30-AU-VQA-train
What is the spatial relationship between the cultivated terrestrial vegetation and the rocky terrain?,1,1,Landsat30-AU-VQA-train
What is the spatial relationship between the urban area and the cropland fields?,2,1,Landsat30-AU-VQA-train
What type of land cover dominates the scene in the image?,26,1,Landsat30-AU-VQA-train
What is the spatial relationship between the bare surface and the watercourse in the image?,1,1,Landsat30-AU-VQA-train
How many distinct bridgs are visible in the image?,1,1,Landsat30-AU-VQA-train
What is the spatial relation between the bare surface and the road corridor?,1,1,Landsat30-AU-VQA-train
What is the spatial relationship between the natural bare surfaces and the cultivated terrestrial vegetation in the image?,1,1,Landsat30-AU-VQA-train
Which of the following features can be seen winding through the landscape in the image?,4,1,Landsat30-AU-VQA-train
Which type of land cover dominates the central area of the image?,6,1,Landsat30-AU-VQA-train
Which of the following objects from the list is visible in the top right of the image?,1,1,Landsat30-AU-VQA-train
What is the spatial relationship between the coastline and the water in the image?,4,1,Landsat30-AU-VQA-train
Which of the following objects is visible in the left centre of the image?,2,1,Landsat30-AU-VQA-train
What is the spatial relationship between the road corridor and the natural terrestrial vegetation?,9,1,Landsat30-AU-VQA-train
What is the spatial relationship between the cropland and the bare surface areas?,1,1,Landsat30-AU-VQA-train
What is the spatial relation between the roads and the green fields in the image?,1,1,Landsat30-AU-VQA-train
Which of the following objects is present in the bottom right area of the image?,1,1,Landsat30-AU-VQA-train
What is the spatial relation between the cropland and the natural bare surfaces in the image?,1,1,Landsat30-AU-VQA-train
How many distinct water bodies can be observed in this image?,1,1,Landsat30-AU-VQA-train
Which type of land cover best describes the majority of the scene in this image?,2,1,Landsat30-AU-VQA-train
What is the spatial relationship between the river and the surrounding land?,3,1,Landsat30-AU-VQA-train
Which type of land cover best describes the overall environment in the image?,1,1,Landsat30-AU-VQA-train
What is the relationship between the streams and the bare surfaces in the image?,1,1,Landsat30-AU-VQA-train
Which monsoonal season best matches the vegetation state in the image?,41,1,Landsat30-AU-VQA-train
What is the dominant type of land cover in the central part of the image?,3,1,Landsat30-AU-VQA-train
What is the spatial relationship between the pond and the bare surface in the image?,1,1,Landsat30-AU-VQA-train
How many major water bodies are visible in the image?,2,1,Landsat30-AU-VQA-train
What is the spatial relationship between the bare surface and the vegetated surface in the image?,1,1,Landsat30-AU-VQA-train
Which of the following objects is visible in the bottom right part of the image?,9,1,Landsat30-AU-VQA-train
What is the spatial relationship between the road and the clearing in the image?,1,1,Landsat30-AU-VQA-train
What is the spatial relation between the road corridor and the cropland fields in the image?,3,1,Landsat30-AU-VQA-train
Which of the following objects can be observed in the bottom left of the image?,1,1,Landsat30-AU-VQA-train
Which type of land cover best describes the majority of the scene?,1,1,Landsat30-AU-VQA-train
How many distinct towns are visible in the image?,4,1,Landsat30-AU-VQA-train
What is the spatial relationship between the cultivated terrestrial vegetation and the natural terrestrial vegetation in the image?,1,1,Landsat30-AU-VQA-train
What is the spatial relation between the town and the agricultural land in the image?,1,1,Landsat30-AU-VQA-train
Which type of landscape is most dominant in the image?,8,1,Landsat30-AU-VQA-train
How many distinct towns can be identified in the image?,3,1,Landsat30-AU-VQA-train
What is the spatial relationship between the urban fabric and the cropland fields in the image?,2,1,Landsat30-AU-VQA-train
What is the spatial relationship between the river and the cropland fields in the image?,6,1,Landsat30-AU-VQA-train
Which of the following objects can be seen in the upper right corner of the image?,5,1,Landsat30-AU-VQA-train
What is the spatial relationship between the bare ground and the water bodies in the image?,1,1,Landsat30-AU-VQA-train
How many distinct watercourses are visible in the image?,2,1,Landsat30-AU-VQA-train
What is the spatial relationship between the cropland and the forested areas?,2,1,Landsat30-AU-VQA-train
What is the spatial relationship between the green corridor and the river?,1,1,Landsat30-AU-VQA-train
Which of the following objects is visible along the edge of the image?,1,1,Landsat30-AU-VQA-train
What is the spatial relation between the cropland and the small town in the image?,1,1,Landsat30-AU-VQA-train
Which type of landscape is most dominant in this image?,7,1,Landsat30-AU-VQA-train
What is the spatial relation between the vegetation patches and the streams in the image?,1,1,Landsat30-AU-VQA-train
Which of the following objects is visible in the left part of the image?,5,1,Landsat30-AU-VQA-train
Which of the following objects is present in the upper part of the image?,4,1,Landsat30-AU-VQA-train
Which type of landscape dominates the central part of the image?,2,1,Landsat30-AU-VQA-train
What is the spatial relationship between cultivated terrestrial vegetation and natural terrestrial vegetation in the image?,2,1,Landsat30-AU-VQA-train
Which type of landscape is most prominent in the image?,18,1,Landsat30-AU-VQA-train
What is the spatial relationship between the bare surface and the water body in the image?,1,1,Landsat30-AU-VQA-train
What is the spatial relationship between the coastline and the urban fabric in the image?,1,1,Landsat30-AU-VQA-train
What is the spatial relation between the road and the natural terrestrial vegetation?,1,1,Landsat30-AU-VQA-train
What type of landscape is depicted in this image?,1,1,Landsat30-AU-VQA-train
How many major river channels are visible in the image?,5,1,Landsat30-AU-VQA-train
What is the spatial relationship between the river and the natural terrestrial vegetation in the image?,3,1,Landsat30-AU-VQA-train
How many distinct cropland plots are visible in the image?,3,1,Landsat30-AU-VQA-train
What type of landscape is primarily visible in the image?,21,1,Landsat30-AU-VQA-train
What is the spatial relation between the road corridor and the cultivated land?,1,1,Landsat30-AU-VQA-train
What is the spatial relation between the cropland and the lake in the image?,1,1,Landsat30-AU-VQA-train
Which type of landscape is primarily shown on the right side of the image?,1,1,Landsat30-AU-VQA-train
Where are the artificial surfaces located in relation to the road corridor?,1,1,Landsat30-AU-VQA-train
Which best describes the overall landscape in the image?,1,1,Landsat30-AU-VQA-train
What is the spatial relation between the river and the natural terrestrial vegetation?,5,1,Landsat30-AU-VQA-train
How many distinct road corridors can be seen crossing the agricultural fields?,1,1,Landsat30-AU-VQA-train
What is the spatial relationship between the sandbar and the water in the image?,1,1,Landsat30-AU-VQA-train
What is the spatial relation between the open pit mine and the bare ground in the image?,2,1,Landsat30-AU-VQA-train
How many major stream channels can be identified in the image?,1,1,Landsat30-AU-VQA-train
How many prominent river channels can be observed in the image?,1,1,Landsat30-AU-VQA-train
What is the relationship between the river and the cultivated land in the image?,1,1,Landsat30-AU-VQA-train
Which of the following objects is visible along the bottom edge of the image?,1,1,Landsat30-AU-VQA-train
What is the spatial relationship between the green rectangular fields and the bare ground?,1,1,Landsat30-AU-VQA-train
What is the spatial relation between bare surfaces and vegetation in the image?,1,1,Landsat30-AU-VQA-train
How many distinct green circular irrigated fields are visible in the image?,1,1,Landsat30-AU-VQA-train
What is the spatial relationship between the river and the natural bare surfaces in the image?,8,1,Landsat30-AU-VQA-train
What is the primary land cover type in this image?,1,1,Landsat30-AU-VQA-train
What is the spatial relation between the cropland fields and the natural vegetation in the image?,2,1,Landsat30-AU-VQA-train
Which type of land cover dominates the central part of the image?,4,1,Landsat30-AU-VQA-train
What type of landscape is predominantly shown in this image?,8,1,Landsat30-AU-VQA-train
What is the spatial relationship between the cultivated fields and the natural terrestrial vegetation?,6,1,Landsat30-AU-VQA-train
What is the spatial relationship between the dry lake and the surrounding bare surface?,1,1,Landsat30-AU-VQA-train
What is the spatial relation between the river and the cultivated cropland in the image?,1,1,Landsat30-AU-VQA-train
How many distinct road corridors are visible in the image?,3,1,Landsat30-AU-VQA-train
How many complete circular irrigated fields can be identified in the image?,1,1,Landsat30-AU-VQA-train
How many main roads are visible running through the cropland?,1,1,Landsat30-AU-VQA-train
How many major rivers are visible in the image?,4,1,Landsat30-AU-VQA-train
How many distinct complete circular irrigated fields can be observed in the image?,2,1,Landsat30-AU-VQA-train
Which of the following objects is visible in the right centre of the image?,1,1,Landsat30-AU-VQA-train
What is the spatial relationship between the natural terrestrial vegetation and the water in the image?,1,1,Landsat30-AU-VQA-train
How many gas wells are visible in the image?,1,1,Landsat30-AU-VQA-train
What is the spatial relationship between the river and the vegetation?,1,1,Landsat30-AU-VQA-train
Which of the following objects is visible in the upper right part of the image?,2,1,Landsat30-AU-VQA-train
What is the relationship between natural bare surfaces and natural terrestrial vegetation in the image?,1,1,Landsat30-AU-VQA-train
How many small lakes can be observed in the image?,1,1,Landsat30-AU-VQA-train
Which type of environment is predominantly shown in the image?,2,1,Landsat30-AU-VQA-train
What is the spatial relationship between the small town and the cropland fields?,1,1,Landsat30-AU-VQA-train
Which type of land cover best describes the environment in this image?,3,1,Landsat30-AU-VQA-train
What is the spatial relation between the road corridor and the natural bare surfaces in the image?,2,1,Landsat30-AU-VQA-train
Which of the following objects is visible in the centre of the image?,22,1,Landsat30-AU-VQA-train
What is the spatial relationship between the coastline and the sandy or bare surfaces in the image?,1,1,Landsat30-AU-VQA-train
How many major road corridors can be seen crossing the image?,1,1,Landsat30-AU-VQA-train
How many roads are visible in the image?,5,1,Landsat30-AU-VQA-train
Which of the following objects is visible along the edge of the water in the image?,2,1,Landsat30-AU-VQA-train
Where are the cultivated lands located in relation to the river?,1,1,Landsat30-AU-VQA-train
What is the spatial relationship between the open pit mine and the bare surfaces?,1,1,Landsat30-AU-VQA-train
How many distinct cultivated field patches can be seen in the lower left quadrant of the image?,1,1,Landsat30-AU-VQA-train
How many major artificial surfaces (such as large buildings or complexes) are visible in the image?,1,1,Landsat30-AU-VQA-train
How many distinct river channels are visible in the image?,13,1,Landsat30-AU-VQA-train
What is the spatial relationship between the water-related features and the natural bare surfaces in the image?,1,1,Landsat30-AU-VQA-train
What is the spatial relation between the town and the river in the image?,1,1,Landsat30-AU-VQA-train
What is the spatial relationship between cultivated fields and natural vegetation in the image?,5,1,Landsat30-AU-VQA-train
How many distinct green irrigated circles can be identified in the image?,3,1,Landsat30-AU-VQA-train
What is the spatial relationship between cropland and natural terrestrial vegetation in the image?,8,1,Landsat30-AU-VQA-train
What is the spatial relationship between the fields and the access paths in the image?,1,1,Landsat30-AU-VQA-train
How many distinct patches of cultivated fields can be observed in the image?,1,1,Landsat30-AU-VQA-train
What is the relationship between the river and the natural terrestrial vegetation?,1,1,Landsat30-AU-VQA-train
Where is the urban area located in relation to the forest?,1,1,Landsat30-AU-VQA-train
What is the spatial relationship between the natural bare surfaces and the bare ground in the image?,1,1,Landsat30-AU-VQA-train
What is the spatial relationship between the river and the bare land in the image?,1,1,Landsat30-AU-VQA-train
What is the spatial relationship between the forested areas and the cultivated fields in the image?,1,1,Landsat30-AU-VQA-train
What is the spatial relationship between the river and the cultivated cropland in the image?,3,1,Landsat30-AU-VQA-train
What is the spatial relation between the coastline and the water body in the image?,6,1,Landsat30-AU-VQA-train
What is the spatial relationship between the cropland plots and the road corridor in the image?,1,1,Landsat30-AU-VQA-train
Which type of landscape best describes the majority of this image?,2,1,Landsat30-AU-VQA-train
Which of the following objects can be seen in the bottom right corner of the image?,6,1,Landsat30-AU-VQA-train
What is the spatial relationship between the river and the fields?,5,1,Landsat30-AU-VQA-train
Where is the urban area located in relation to the cropland?,1,1,Landsat30-AU-VQA-train
What is the spatial relationship between the water bodies and the natural terrestrial vegetation in the image?,2,1,Landsat30-AU-VQA-train
What is the spatial relationship between the river and the cropland in the image?,7,1,Landsat30-AU-VQA-train
How many distinct road corridors can be identified in the image?,4,1,Landsat30-AU-VQA-train
What type of environment is primarily shown in this image?,1,1,Landsat30-AU-VQA-train
What is the primary land cover type shown in the image?,2,1,Landsat30-AU-VQA-train
What is the spatial relationship between the cropland and the road corridors in the image?,3,1,Landsat30-AU-VQA-train
What is the spatial relationship between the road corridor and the natural bare surfaces?,6,1,Landsat30-AU-VQA-train
What is the dominant land cover type visible in this image?,26,1,Landsat30-AU-VQA-train
What is the spatial relationship between cultivated fields and natural terrestrial vegetation in the image?,6,1,Landsat30-AU-VQA-train
What is the spatial relationship between the water body and the coastal sand in the image?,1,1,Landsat30-AU-VQA-train
Where is the main urban fabric located relative to the cropland fields?,1,1,Landsat30-AU-VQA-train
What is the spatial relation between the fields and the urban area in the image?,1,1,Landsat30-AU-VQA-train
How is the bare surface distributed in the image?,1,1,Landsat30-AU-VQA-train
What is the spatial relationship between the vegetated areas and the bare surfaces in the image?,1,1,Landsat30-AU-VQA-train
Which best describes the main landscape type in the upper left part of the image?,1,1,Landsat30-AU-VQA-train
How many open pit mines can be identified in the lower right corner of the image?,1,1,Landsat30-AU-VQA-train
What is the spatial relationship between the road corridor and the vegetated zones?,1,1,Landsat30-AU-VQA-train
What is the spatial relationship between the lake and the cropland in the image?,1,1,Landsat30-AU-VQA-train
What type of land-cover is predominantly shown in the image?,1,1,Landsat30-AU-VQA-train
How many small towns are visible in the image?,4,1,Landsat30-AU-VQA-train
What type of scene is primarily depicted in this image?,2,1,Landsat30-AU-VQA-train
What is the spatial relationship between the road corridor and the bare surfaces?,3,1,Landsat30-AU-VQA-train
What is the spatial relation between the cloud and the natural terrestrial vegetation in the image?,1,1,Landsat30-AU-VQA-train
What is the spatial relationship between cropland and natural bare surfaces in the image?,1,1,Landsat30-AU-VQA-train
How many distinct agricultural fields can be identified in the image?,3,1,Landsat30-AU-VQA-train
What is the spatial relation between the bare or fallow areas and the cultivated fields?,1,1,Landsat30-AU-VQA-train
Which type of land cover dominates the scene in the image?,27,1,Landsat30-AU-VQA-train
What is the spatial relation between the cropland fields and the natural bare surfaces in the image?,1,1,Landsat30-AU-VQA-train
What is the spatial relation between the road corridor and the bare areas?,1,1,Landsat30-AU-VQA-train
Which type of landscape is most prominently depicted in this image?,4,1,Landsat30-AU-VQA-train
Which of the following water features is visible in the image?,1,1,Landsat30-AU-VQA-train
How many airports can be seen in the left side of the image?,1,1,Landsat30-AU-VQA-train
What is the spatial relation between the river and the natural terrestrial vegetation in the image?,7,1,Landsat30-AU-VQA-train
What is the spatial relation between the cultivated fields and the natural terrestrial vegetation?,3,1,Landsat30-AU-VQA-train
Which of the following objects is visible in the centre part of the image?,5,1,Landsat30-AU-VQA-train
What is the spatial relationship between the cropland and the reflective structures in the image?,1,1,Landsat30-AU-VQA-train
How many distinct shadow patches are visible in the image?,1,1,Landsat30-AU-VQA-train
How many distinct river corridors can be observed in the image?,3,1,Landsat30-AU-VQA-train
What is the spatial relation between the cropland fields and the natural bare surfaces?,3,1,Landsat30-AU-VQA-train
Which type of landscape is most prominently featured in this image?,2,1,Landsat30-AU-VQA-train
What is the spatial relation between the bare surface and the soil in the image?,1,1,Landsat30-AU-VQA-train
Which of the following objects from the list is clearly present in the image?,5,1,Landsat30-AU-VQA-train
How many distinct towns can be observed in the image?,4,1,Landsat30-AU-VQA-train
How many airports can be seen in the image?,2,1,Landsat30-AU-VQA-train
What is the spatial relation between the largest dry water body and the surrounding cropland?,1,1,Landsat30-AU-VQA-train
What is the spatial relationship between the urban area and the river?,1,1,Landsat30-AU-VQA-train
Which of the following is visible in the image?,11,1,Landsat30-AU-VQA-train
What is the spatial relationship between the coastline and the ocean in this image?,1,1,Landsat30-AU-VQA-train
What is the spatial relationship between the bare surface and vegetation in the image?,1,1,Landsat30-AU-VQA-train
What is the spatial relationship between the water body and the cropland in the image?,1,1,Landsat30-AU-VQA-train
What is the spatial relation between the bare ground and the water in the image?,1,1,Landsat30-AU-VQA-train
What is the spatial relationship between the agricultural fields and the river in the image?,3,1,Landsat30-AU-VQA-train
What is the spatial relationship between the road corridor and the cropland?,1,1,Landsat30-AU-VQA-train
How many distinct water bodies (such as rivers or streams) are visible in the image?,1,1,Landsat30-AU-VQA-train
How many major drainage lines can be seen crossing the image?,1,1,Landsat30-AU-VQA-train
How many distinct open pit mines can be observed in the image?,5,1,Landsat30-AU-VQA-train
What is the spatial relation between the ocean and the bare surface in the image?,1,1,Landsat30-AU-VQA-train
How many distinct rivers can be observed in the image?,9,1,Landsat30-AU-VQA-train
How many main river branches can be seen in the image?,1,1,Landsat30-AU-VQA-train
Which of the following objects can be seen in the bottom part of the image?,1,1,Landsat30-AU-VQA-train
How many circular crater-like depressions can be seen in the image?,1,1,Landsat30-AU-VQA-train
What type of landscape is primarily visible in this image?,12,1,Landsat30-AU-VQA-train
What is the spatial relationship between the cropland fields and the field boundaries?,1,1,Landsat30-AU-VQA-train
What is the spatial relationship between the river and the natural terrestrial vegetation?,8,1,Landsat30-AU-VQA-train
What is the spatial relation between the river and the vegetated areas in the image?,2,1,Landsat30-AU-VQA-train
Which of the following features is visible in the upper part of the image?,3,1,Landsat30-AU-VQA-train
What type of environment is primarily depicted in the image?,4,1,Landsat30-AU-VQA-train
How many distinct dried-up riverbeds can be identified in the upper left part of the image?,1,1,Landsat30-AU-VQA-train
How many complete green circular irrigated fields are visible in the image?,2,1,Landsat30-AU-VQA-train
What is the spatial relationship between the bare surfaces and the fields in the image?,1,1,Landsat30-AU-VQA-train
seHow many distinct settlements are visible in the image?,1,1,Landsat30-AU-VQA-train
What is the spatial relationship between the cropland fields and the river?,4,1,Landsat30-AU-VQA-train
Where is the riparian vegetation located relative to the erosion gully?,1,1,Landsat30-AU-VQA-train
What is the relationship between the cropland fields and the road corridors in the image?,1,1,Landsat30-AU-VQA-train
How many distinct cloud shadows are visible in the image?,2,1,Landsat30-AU-VQA-train
What is the spatial relation between the airport or industrial complex and the nearby water body?,1,1,Landsat30-AU-VQA-train
What is the spatial relationship between the road corridors and the natural bare surfaces in the image?,2,1,Landsat30-AU-VQA-train
How many complete distinct circular irrigated fields can be seen in the image?,1,1,Landsat30-AU-VQA-train
How many distinct water bodies (excludes river) are visible in the lower right corner of the image?,1,1,Landsat30-AU-VQA-train
What is the spatial relationship between the urban area and the river in the image?,2,1,Landsat30-AU-VQA-train
How many clearly visible road corridors cross the image horizontally in the upper part of the image?,1,1,Landsat30-AU-VQA-train
How many lakes or ponds are visible in the bottom right corner of the image?,1,1,Landsat30-AU-VQA-train
Which of the following objects can be seen in the bottom left part of the image?,2,1,Landsat30-AU-VQA-train
What is the spatial relationship between the natural bare surface and the desert landscape in the image?,1,1,Landsat30-AU-VQA-train
What is the spatial relationship between the river and the road corridor in the image?,5,1,Landsat30-AU-VQA-train
What is the spatial relationship between the linear track and the bare ground in the image?,1,1,Landsat30-AU-VQA-train
How many complete green irrigated circles can be observed in the image?,3,1,Landsat30-AU-VQA-train
How many airstrips are visible in the image?,5,1,Landsat30-AU-VQA-train
What is the spatial relation between the river and the bare ground in the image?,7,1,Landsat30-AU-VQA-train
How many road corridors are visible in the image?,6,1,Landsat30-AU-VQA-train
What is the spatial relation between the rectangular fields and the water body in the image?,1,1,Landsat30-AU-VQA-train
What is the predominant type of landscape visible in the image?,3,1,Landsat30-AU-VQA-train
How many road corridors are visible crossing the image?,1,1,Landsat30-AU-VQA-train
What is the spatial relationship between the water body and the beach in the image?,2,1,Landsat30-AU-VQA-train
How many distinct complete islands can be seen in the image?,1,1,Landsat30-AU-VQA-train
What is the spatial relationship between the natural bare surfaces and the patches of natural terrestrial vegetation in the image?,1,1,Landsat30-AU-VQA-train
How many distinct water bodies can be observed in the image?,12,1,Landsat30-AU-VQA-train
Which of the following objects is clearly visible along the upper edge of the image?,1,1,Landsat30-AU-VQA-train
Which of the following objects can be identified in the lower part of the image?,1,1,Landsat30-AU-VQA-train
What is the spatial relationship between the dam and the river in the image?,1,1,Landsat30-AU-VQA-train
Which of the following objects is visible in the bottom left of the image?,2,1,Landsat30-AU-VQA-train
What is the spatial relationship between the forest and the coastline in the image?,1,1,Landsat30-AU-VQA-train
What is the spatial relationship between the cropland fields and the road corridor in the image?,3,1,Landsat30-AU-VQA-train
How many distinct shoreline sections are visible in the image?,1,1,Landsat30-AU-VQA-train
What is the spatial relationship between the open pit mine and the natural vegetation?,1,1,Landsat30-AU-VQA-train
How many distinct ponds are visible in the image?,4,1,Landsat30-AU-VQA-train
Which of the following objects is visible in the upper part of the image?,5,1,Landsat30-AU-VQA-train
What is the spatial relationship between the city and the coastline in the image?,1,1,Landsat30-AU-VQA-train
How many distinct airports can be observed in the image?,3,1,Landsat30-AU-VQA-train
Which type of environment is primarily depicted in the image?,2,1,Landsat30-AU-VQA-train
What is the spatial relationship between the coastal waters and the natural vegetation in the image?,1,1,Landsat30-AU-VQA-train
How many distinct water bodies (such as lakes or basins) are visible in the image?,2,1,Landsat30-AU-VQA-train
How many distinct rivers are clearly visible in the image?,2,1,Landsat30-AU-VQA-train
How many large water bodies are visible in the image?,2,1,Landsat30-AU-VQA-train
What is the spatial relationship between the river and the terrestrial vegetation in the image?,2,1,Landsat30-AU-VQA-train
Which best describes the predominant land cover in this image?,2,1,Landsat30-AU-VQA-train
What is the spatial relationship between the coastline and the water body?,1,1,Landsat30-AU-VQA-train
How many major water bodies (such as rivers or reservoirs) are clearly visible in the image?,1,1,Landsat30-AU-VQA-train
What is the spatial relation between the urban fabric and the surrounding cropland?,1,1,Landsat30-AU-VQA-train
What is the spatial relationship between the bare ground and the small lakes in the image?,1,1,Landsat30-AU-VQA-train
How many major roads can be seen crossing the image?,2,1,Landsat30-AU-VQA-train
How many clouds are visible in the image?,8,1,Landsat30-AU-VQA-train
Which type of landscape is predominantly visible in this image?,11,1,Landsat30-AU-VQA-train
How many distinct stream-like channels are visible branching from the main channel?,1,1,Landsat30-AU-VQA-train
How many bare surface areas (such as quarries or mines) are visible in the image?,1,1,Landsat30-AU-VQA-train
What is the spatial relationship between the clearings and the forests in the image?,1,1,Landsat30-AU-VQA-train
What type of land cover dominates the scene in this image?,7,1,Landsat30-AU-VQA-train
What is the spatial relationship between the salt flat and the cropland in the image?,1,1,Landsat30-AU-VQA-train
What is the spatial relationship between the river and the bare surface in the image?,10,1,Landsat30-AU-VQA-train
What is the spatial relationship between the terrestrial vegetation and the water body?,1,1,Landsat30-AU-VQA-train
How many distinct waterbodies are visible in the upper right corner of the image?,1,1,Landsat30-AU-VQA-train
What is the spatial relation between the urban area and the surrounding cropland fields in the image?,1,1,Landsat30-AU-VQA-train
Which of the following objects can be seen in the left corner of the image?,1,1,Landsat30-AU-VQA-train
What is the spatial relation between the alluvial fan and the bare surface in the image?,1,1,Landsat30-AU-VQA-train
What is the spatial relation between the urban area and the lake in the image?,2,1,Landsat30-AU-VQA-train
What type of landscape is most prominently shown in the image?,2,1,Landsat30-AU-VQA-train
Which of the following objects from the list is visible along the edge of the landmass in the image?,1,1,Landsat30-AU-VQA-train
How many clusters of buildings or structures are visible in the image?,1,1,Landsat30-AU-VQA-train
What is the predominant land cover in this image?,3,1,Landsat30-AU-VQA-train
How many distinct green irrigated field patches are visible in the lower right part of the image?,1,1,Landsat30-AU-VQA-train
What is the spatial relation between the bare ground and the cultivated terrestrial vegetation?,1,1,Landsat30-AU-VQA-train
Which type of landscape is primarily visible in the image?,7,1,Landsat30-AU-VQA-train
How many distinct clouds in the image?,1,1,Landsat30-AU-VQA-train
What is the dominant land cover type in the central part of the image?,4,1,Landsat30-AU-VQA-train
How many distinct patches of bare ground can be identified in the image?,1,1,Landsat30-AU-VQA-train
What is the spatial relationship between the lake and the natural terrestrial vegetation?,1,1,Landsat30-AU-VQA-train
What type of land cover is most prominent in this image?,12,1,Landsat30-AU-VQA-train
What is the spatial relation between the forested areas and the river?,1,1,Landsat30-AU-VQA-train
What is the spatial relation between the artificial surface and the road corridor?,1,1,Landsat30-AU-VQA-train
What is the dominant land-cover type visible in this image?,2,1,Landsat30-AU-VQA-train
What is the spatial relation between the bare surface and vegetated patches in the image?,1,1,Landsat30-AU-VQA-train
What is the spatial relation between the artificial surface and the surrounding cropland fields?,1,1,Landsat30-AU-VQA-train
How many distinct urban areas can be observed in the image?,1,1,Landsat30-AU-VQA-train
Where is the river located in relation to the majority of the natural bare surfaces?,1,1,Landsat30-AU-VQA-train
What is the spatial relationship between the cropland and the linear boundaries in the image?,1,1,Landsat30-AU-VQA-train
What is the spatial relationship between the cultivated fields and the bare patchy land in the image?,1,1,Landsat30-AU-VQA-train
What is the spatial relationship between natural bare surfaces and natural terrestrial vegetation in the image?,5,1,Landsat30-AU-VQA-train
What is the spatial relation between the unpaved road and the cropland in the image?,1,1,Landsat30-AU-VQA-train
What is the spatial relation between cultivated terrestrial vegetation and bare ground in the image?,2,1,Landsat30-AU-VQA-train
How many distinct water bodies (ponds/lakes) are visible in the image?,1,1,Landsat30-AU-VQA-train
What is the spatial relation between the river and the natural bare surface in the image?,2,1,Landsat30-AU-VQA-train
What is the spatial relationship between natural bare surfaces and bare ground in the image?,2,1,Landsat30-AU-VQA-train
What type of land cover predominantly characterizes the scene in this image?,1,1,Landsat30-AU-VQA-train
What is the spatial relationship between the cropland and the natural vegetation?,1,1,Landsat30-AU-VQA-train
What is the spatial relationship between the sandy beach and the water body?,3,1,Landsat30-AU-VQA-train
What is the spatial relationship between the urban area and the surrounding land?,1,1,Landsat30-AU-VQA-train
What is the spatial relation between the bare surface and the natural vegetation in the image?,1,1,Landsat30-AU-VQA-train
Which of the following objects can be observed in the bottom right part of the image?,2,1,Landsat30-AU-VQA-train
What is the spatial relation between the natural bare surfaces and the surrounding vegetation?,1,1,Landsat30-AU-VQA-train
How many rivers can be identified in the image?,2,1,Landsat30-AU-VQA-train
How many rivers can be seen in the image?,5,1,Landsat30-AU-VQA-train
How many large water bodies (lakes or ponds) are visible in the image?,1,1,Landsat30-AU-VQA-train
How many circular irrigated fields are visible in the image?,3,1,Landsat30-AU-VQA-train
What is the spatial relationship between the bare soil and the rectangular agricultural fields in the image?,1,1,Landsat30-AU-VQA-train
How many distinct irrigated circles are visible in the lower half of the image?,1,1,Landsat30-AU-VQA-train
What is the spatial relationship between natural terrestrial vegetation and natural bare surface in the image?,1,1,Landsat30-AU-VQA-train
How many distinct road corridors can be seen in the image?,6,1,Landsat30-AU-VQA-train
What is the spatial relation between the cultivated fields and the water body in the upper left?,1,1,Landsat30-AU-VQA-train
What is the spatial relation between the cultivated fields and the bare ground in the image?,1,1,Landsat30-AU-VQA-train
What is the spatial relationship between the forested hills and the cultivated fields in the image?,1,1,Landsat30-AU-VQA-train
What is the spatial relationship between the cropland fields and the forest in the image?,1,1,Landsat30-AU-VQA-train
Which of the following objects is visible along the edge of the land in the image?,8,1,Landsat30-AU-VQA-train
How many distinct islands are visible in the image?,3,1,Landsat30-AU-VQA-train
What is the spatial relationship between the road corridor and the surrounding land?,1,1,Landsat30-AU-VQA-train
Which type of land cover is most prominent along the left side of the image?,1,1,Landsat30-AU-VQA-train
Which of the following objects is visible in the central part of the image?,1,1,Landsat30-AU-VQA-train
What is the spatial relationship between the river and the natural bare surfaces?,7,1,Landsat30-AU-VQA-train
How many towns can be observed crossing the agricultural fields?,1,1,Landsat30-AU-VQA-train
What is the spatial relationship between the rectangular fields and the bare soil in the image?,1,1,Landsat30-AU-VQA-train
What is the spatial relationship between the bare ground and the linear tracks in the image?,1,1,Landsat30-AU-VQA-train
What is the spatial relation between the river and the surrounding vegetation?,1,1,Landsat30-AU-VQA-train
How many distinct rivers can be seen crossing the patchwork fields?,1,1,Landsat30-AU-VQA-train
How many distinct islands can be seen in the image?,1,1,Landsat30-AU-VQA-train
How many major water bodies (such as rivers) are visible in the image?,1,1,Landsat30-AU-VQA-train
How many rivers or streams are visible in the image?,1,1,Landsat30-AU-VQA-train
How many distinct river or stream features are visible crossing the cropland?,1,1,Landsat30-AU-VQA-train
How many waterbodies (excluding rivers or streams) are visible in the image?,1,1,Landsat30-AU-VQA-train
How many golf courses are visible in the image?,1,1,Landsat30-AU-VQA-train
What is the spatial relationship between the natural bare surface and the natural drainage lines?,1,1,Landsat30-AU-VQA-train
What type of scene is predominantly shown in the image?,1,1,Landsat30-AU-VQA-train
How many river segments can be seen winding through the image?,1,1,Landsat30-AU-VQA-train
What is the spatial relationship between the cultivated cropland and the natural terrestrial vegetation in the image?,1,1,Landsat30-AU-VQA-train
What is the spatial relation between the river and the surrounding land in the image?,1,1,Landsat30-AU-VQA-train
What is the spatial relationship between the property or land divisions and the bare surfaces?,1,1,Landsat30-AU-VQA-train
How many road corridors can be identified in the image?,5,1,Landsat30-AU-VQA-train
What is the spatial relationship between the river and the cultivated vegetation?,2,1,Landsat30-AU-VQA-train
Where is the river located relative to the natural bare surfaces in the image?,1,1,Landsat30-AU-VQA-train
What is the spatial relationship between the cultivated terrestrial vegetation and the dense natural vegetation patch?,1,1,Landsat30-AU-VQA-train
Which of the following objects is visible in the central-eastern part of the image?,1,1,Landsat30-AU-VQA-train
How many distinct river are visible in the image?,1,1,Landsat30-AU-VQA-train
How many distinct river corridors can be identified in the image?,1,1,Landsat30-AU-VQA-train
What is the spatial relation between the road corridor and the cultivated vegetation?,1,1,Landsat30-AU-VQA-train
How many distinct roads can be observed in the image?,3,1,Landsat30-AU-VQA-train
What is the spatial relationship between the river and the urban area in the image?,2,1,Landsat30-AU-VQA-train
What is the spatial relationship between the bare surfaces and the cultivated cropland?,1,1,Landsat30-AU-VQA-train
Which of the following objects is not visible in the image?,4,1,Landsat30-AU-VQA-train
What is the primary land cover type depicted in the image?,4,1,Landsat30-AU-VQA-train
How many distinct areas of cultivated terrestrial vegetation are visible in the image?,3,1,Landsat30-AU-VQA-train
What is the spatial relation between the road and the fields in the image?,1,1,Landsat30-AU-VQA-train
How many distinct cropland fields are visible in the image?,5,1,Landsat30-AU-VQA-train
What is the spatial relation between the river and the green fields in the image?,1,1,Landsat30-AU-VQA-train
Which of the following objects can be seen in the bottom left corner of the image?,1,1,Landsat30-AU-VQA-train
What is the spatial relation between the urban area and the winding river in the image?,1,1,Landsat30-AU-VQA-train
What is the dominant type of land cover in the left part of the image?,1,1,Landsat30-AU-VQA-train
What is the spatial relationship between the urban area and the patchwork fields?,1,1,Landsat30-AU-VQA-train
What is the spatial relationship between the natural vegetation and the stream channels?,1,1,Landsat30-AU-VQA-train
What is the spatial relation between the ocean and the terrestrial vegetation in the image?,1,1,Landsat30-AU-VQA-train
What is the spatial relationship between the river and the bare surfaces in the image?,10,1,Landsat30-AU-VQA-train
How many distinct towns can be seen in the image?,2,1,Landsat30-AU-VQA-train
What is the dominant land-cover type visible in the image?,3,1,Landsat30-AU-VQA-train
Which type of land cover dominates the scene in this image?,9,1,Landsat30-AU-VQA-train
What is the dominant type of landscape visible in the image?,3,1,Landsat30-AU-VQA-train
What is the dominant landscape feature in this image?,1,1,Landsat30-AU-VQA-train
How many major watercourses can be observed in the image?,1,1,Landsat30-AU-VQA-train
Which of the following features is clearly visible along the bottom edge of the image?,1,1,Landsat30-AU-VQA-train
Which of the following objects can be seen winding through the image?,2,1,Landsat30-AU-VQA-train
Which of the following features can be seen in the upper right corner of the image?,1,1,Landsat30-AU-VQA-train
Which of the following objects is visible in the upper right section of the image?,1,1,Landsat30-AU-VQA-train
What is the spatial relationship between cultivated terrestrial vegetation and bare ground patches in the image?,1,1,Landsat30-AU-VQA-train
What is the spatial relationship between the small town and the river in the image?,1,1,Landsat30-AU-VQA-train
What is the spatial relation between the natural bare surfaces and the patches of natural terrestrial vegetation in the image?,1,1,Landsat30-AU-VQA-train
How many circular irrigated fields can be seen in the image?,2,1,Landsat30-AU-VQA-train
What is the spatial relationship between the cropland fields and natural terrestrial vegetation in the image?,1,1,Landsat30-AU-VQA-train
What is the spatial relationship between the cultivated cropland and the river?,1,1,Landsat30-AU-VQA-train
What is the spatial relationship between the stream channels and the bare landscape in the image?,1,1,Landsat30-AU-VQA-train
Which of the following objects can be seen in the upper left corner of the image?,1,1,Landsat30-AU-VQA-train
How many distinct cloud shadows can be seen in the image?,2,1,Landsat30-AU-VQA-train
What is the spatial relationship between the industrial structures and the water basins?,1,1,Landsat30-AU-VQA-train
What is the spatial relation between the road corridor and the photovoltaic installation?,1,1,Landsat30-AU-VQA-train
How many distinct roads can be observed in the upper left corner of the image?,1,1,Landsat30-AU-VQA-train
What is the relationship between the river and the surrounding land in the image?,2,1,Landsat30-AU-VQA-train
What is the spatial relationship between the rectangular fields and the natural bare surfaces?,2,1,Landsat30-AU-VQA-train
What is the spatial relation between the coastline and the ocean in the image?,5,1,Landsat30-AU-VQA-train
How many air runways are visible in the image?,1,1,Landsat30-AU-VQA-train
How many distinct roads are visible in the bottom left part of the image?,1,1,Landsat30-AU-VQA-train
What is the spatial relationship between the rectangular fields and the river?,2,1,Landsat30-AU-VQA-train
What is the spatial relation between the cultivated fields and the forested regions?,1,1,Landsat30-AU-VQA-train
What is the spatial relation between the water body and the natural bare surface in the image?,1,1,Landsat30-AU-VQA-train
How many clouds can be seen winding through the image?,1,1,Landsat30-AU-VQA-train
What is the spatial relation between cropland fields and natural terrestrial vegetation in the image?,1,1,Landsat30-AU-VQA-train
How are the forested regions and agricultural land arranged in the image?,1,1,Landsat30-AU-VQA-train
How many distinct vegetated fields (green patches) are visible in the upper part of the image?,1,1,Landsat30-AU-VQA-train
How many distinct water bodies are clearly visible in the image?,2,1,Landsat30-AU-VQA-train
What is the spatial relationship between the water body and the natural terrestrial vegetation?,1,1,Landsat30-AU-VQA-train
What is the spatial relationship between the hills and the river in the image?,1,1,Landsat30-AU-VQA-train
How many rivers are visible in the image?,20,1,Landsat30-AU-VQA-train
What is the spatial relation between the cultivated cropland and the small town in the image?,1,1,Landsat30-AU-VQA-train
Which type of landscape best describes the overall scene in the image?,1,1,Landsat30-AU-VQA-train
What is the spatial relation between the cultivated fields and the surrounding natural vegetation?,1,1,Landsat30-AU-VQA-train
How many distinct airstrips are visible in the image?,3,1,Landsat30-AU-VQA-train
How many distinct artificial areas (such as a small town) are visible in the image?,1,1,Landsat30-AU-VQA-train
What is the spatial relationship between cultivated areas and vegetated areas in the image?,1,1,Landsat30-AU-VQA-train
How many distinct rectangular enclosures can be identified in the bottom right of image?,1,1,Landsat30-AU-VQA-train
Where are the cultivated fields located in relation to the lake?,1,1,Landsat30-AU-VQA-train
What is the spatial relation between the road corridor and the natural bare surfaces?,4,1,Landsat30-AU-VQA-train
What is the spatial relation between the road corridor and the fields in the image?,2,1,Landsat30-AU-VQA-train
Which type of land cover is most prominent in the central part of the image?,1,1,Landsat30-AU-VQA-train
What is the spatial relationship between the cropland and the bare surface areas in the image?,2,1,Landsat30-AU-VQA-train
How many distinct highways can be observed in the image?,1,1,Landsat30-AU-VQA-train
How many major water bodies (such as rivers or ponds) are visible in the image?,1,1,Landsat30-AU-VQA-train
What is the spatial relation between the cropland and the natural bare surface in the image?,1,1,Landsat30-AU-VQA-train
How many distinct towns are visible along the coastline in the image?,1,1,Landsat30-AU-VQA-train
How many distinct bridges can be seen in the image?,2,1,Landsat30-AU-VQA-train
"How many distinct water bodies (such as ocean, river, or wetlands) are visible in the image?",1,1,Landsat30-AU-VQA-train
How many distinct streams can be identified in the image?,2,1,Landsat30-AU-VQA-train
What is the spatial relationship between the cropland fields and the natural bare surfaces?,3,1,Landsat30-AU-VQA-train
What is the relationship between the river and the cultivated fields in the image?,3,1,Landsat30-AU-VQA-train
What is the spatial relation between cropland and natural vegetation in the image?,2,1,Landsat30-AU-VQA-train
How many distinct river channels can be identified in the image?,2,1,Landsat30-AU-VQA-train
What is the spatial relation between the cropland and the river in the image?,8,1,Landsat30-AU-VQA-train
How many distinct cropland field patches can be identified in the image?,1,1,Landsat30-AU-VQA-train
Which of the following objects can be observed in the centre area of the image?,1,1,Landsat30-AU-VQA-train
Which of the following features is visible in the top left corner of the image?,1,1,Landsat30-AU-VQA-train
How many main river channels are visible in the image?,2,1,Landsat30-AU-VQA-train
What is the spatial relationship between the natural terrestrial vegetation and the natural bare surface?,2,1,Landsat30-AU-VQA-train
How many airports can be identified in the image?,3,1,Landsat30-AU-VQA-train
Which type of scene is predominantly shown in the image?,1,1,Landsat30-AU-VQA-train
Which type of landscape dominates the central area of the image?,2,1,Landsat30-AU-VQA-train
What is the spatial relationship between the bare surface and the water?,1,1,Landsat30-AU-VQA-train
How are the croplands arranged in relation to each other in the image?,1,1,Landsat30-AU-VQA-train
What is the spatial relation between the cropland fields and the river in the image?,6,1,Landsat30-AU-VQA-train
Which of the following objects can be observed in the right part of the image?,1,1,Landsat30-AU-VQA-train
What is the spatial relationship between the cultivated fields and the coastline?,2,1,Landsat30-AU-VQA-train
What is the spatial relation between cultivated vegetation and bare ground in the image?,1,1,Landsat30-AU-VQA-train
What is the spatial relation between the stream and the cultivated cropland?,1,1,Landsat30-AU-VQA-train
Which of the following objects is visible in the bottom left area of the image?,2,1,Landsat30-AU-VQA-train
What is the predominant land-cover type in the image?,2,1,Landsat30-AU-VQA-train
What is the spatial relationship between natural bare surfaces and green vegetation in the image?,1,1,Landsat30-AU-VQA-train
How many small water bodies are visible in the top right area of the image?,1,1,Landsat30-AU-VQA-train
How many complete circular irrigated fields are visible in the image?,4,1,Landsat30-AU-VQA-train
What is the spatial relationship between the river and the rectangular fields in the image?,2,1,Landsat30-AU-VQA-train
Which type of land cover best describes the majority of this image?,2,1,Landsat30-AU-VQA-train
What is the spatial relationship between the sandy areas and the water body?,1,1,Landsat30-AU-VQA-train
What is the dominant type of land cover in the image?,9,1,Landsat30-AU-VQA-train
Which of the following objects is clearly visible in the upper side of the image?,1,1,Landsat30-AU-VQA-train
Which of the following features is visible in the upper left part of the image?,1,1,Landsat30-AU-VQA-train
What is the spatial relationship between the cultivated cropland and the river/stream in the image?,1,1,Landsat30-AU-VQA-train
What is the spatial relationship between the road corridor and the cropland fields?,6,1,Landsat30-AU-VQA-train
Which type of landscape best describes the majority of the area in the image?,5,1,Landsat30-AU-VQA-train
How many distinct agricultural fields are visible in the image?,1,1,Landsat30-AU-VQA-train
How many main drainage networks (distinct river-like features) are visible in the image?,1,1,Landsat30-AU-VQA-train
How many distinct green irrigated circles are visible in the image?,5,1,Landsat30-AU-VQA-train
How many complete circular crop fields are visible in the image?,1,1,Landsat30-AU-VQA-train
What is the spatial relation between the river and the natural bare surfaces?,2,1,Landsat30-AU-VQA-train
How many major water bodies (excluding rivers) can be observed in the image?,1,1,Landsat30-AU-VQA-train
What is the spatial relation between the natural bare surfaces and the river in the image?,1,1,Landsat30-AU-VQA-train
How many major rivers can be seen crossing the agricultural fields in the image?,1,1,Landsat30-AU-VQA-train
What is the spatial relation between the cultivated fields and the natural vegetation?,3,1,Landsat30-AU-VQA-train
How many distinct patches of vegetation are clearly visible in the image?,1,1,Landsat30-AU-VQA-train
Which of the following objects is visible and winding through the image?,1,1,Landsat30-AU-VQA-train
What is the spatial relation between the brown fields and the green fields in the image?,1,1,Landsat30-AU-VQA-train
How many distinct sandy beach stretches are visible along the coastline in the image?,1,1,Landsat30-AU-VQA-train
How many major rivers can be seen crossing the bottom part of the image?,1,1,Landsat30-AU-VQA-train
What is the spatial relationship between the terrestrial vegetation and the river in the image?,1,1,Landsat30-AU-VQA-train
How many ovals can be seen in the image?,1,1,Landsat30-AU-VQA-train
What is the spatial relation between the river and the natural bare surface?,1,1,Landsat30-AU-VQA-train
What is the spatial relationship between the reddish-brown bare land and the vegetated areas?,1,1,Landsat30-AU-VQA-train
What is the spatial relationship between the river and the patchwork fields?,2,1,Landsat30-AU-VQA-train
What is the spatial relation between the small town and the coastline in the image?,1,1,Landsat30-AU-VQA-train
What is the spatial relationship between the cropland and the lake in the image?,2,1,Landsat30-AU-VQA-train
What is the spatial relationship between the road corridor and the cropland parcels?,1,1,Landsat30-AU-VQA-train
How many large water bodies (such as lakes or ponds or rivers) are visible in the bottom left corner of the image?,1,1,Landsat30-AU-VQA-train
What is the spatial relation between the road corridor and the rectangular fields?,2,1,Landsat30-AU-VQA-train
How many distinct coastline segments are visible in the image?,2,1,Landsat30-AU-VQA-train
What is the spatial relationship between the cultivated terrestrial vegetation and the large rectangular fields?,1,1,Landsat30-AU-VQA-train
What is the spatial relation between the fields and the river in the image?,1,1,Landsat30-AU-VQA-train
What is the spatial relation between natural bare surfaces and natural terrestrial vegetation in the image?,4,1,Landsat30-AU-VQA-train
How many distinct complete circular irrigated fields can be identified in the image?,2,1,Landsat30-AU-VQA-train
What is the spatial relationship between the cropland fields and the natural bare surfaces in the image?,4,1,Landsat30-AU-VQA-train
What is the spatial relationship between the cropland and the bare ground in the image?,2,1,Landsat30-AU-VQA-train
How many distinct channels or streams are visible in the image?,1,1,Landsat30-AU-VQA-train
What is the spatial relation between the road corridor and the natural terrestrial vegetation in the image?,1,1,Landsat30-AU-VQA-train
What is the spatial relation between the forest and the cultivated fields?,1,1,Landsat30-AU-VQA-train
What is the predominant land cover type visible in this image?,13,1,Landsat30-AU-VQA-train
What is the relationship between the cropland and the forest in the image?,1,1,Landsat30-AU-VQA-train
How many distinct airport runways can be seen in the image?,1,1,Landsat30-AU-VQA-train
What is the spatial relationship between the natural terrestrial vegetation and cultivated fields in the image?,1,1,Landsat30-AU-VQA-train
How many distinct urban areas can be seen in the image?,3,1,Landsat30-AU-VQA-train
Which type of landscape best describes the environment in the image?,6,1,Landsat30-AU-VQA-train
What is the spatial relationship between the river and the fields in the image?,6,1,Landsat30-AU-VQA-train
How many distinct water bodies (lakes or ponds) are visible in the image?,1,1,Landsat30-AU-VQA-train
How many rivers are clearly visible in the image?,1,1,Landsat30-AU-VQA-train
What is the spatial relationship between the cultivated fields and the natural bare surfaces?,2,1,Landsat30-AU-VQA-train
How many distinct urban areas can be identified in the image?,3,1,Landsat30-AU-VQA-train
How many distinct urban fabric areas are visible in the image?,3,1,Landsat30-AU-VQA-train
How many distinct water bodies can be seen in the image?,6,1,Landsat30-AU-VQA-train
How many distinct irrigated circles can be observed in the upper part of the image?,1,1,Landsat30-AU-VQA-train
How many airports can be observed in the image?,2,1,Landsat30-AU-VQA-train
How many distinct linear tracks can be observed in the image?,1,1,Landsat30-AU-VQA-train
Which best describes the dominant land cover in the image?,1,1,Landsat30-AU-VQA-train
How many distinct clouds can be identified in the image?,4,1,Landsat30-AU-VQA-train
What is the spatial relationship between the ponds and the agricultural fields?,1,1,Landsat30-AU-VQA-train
How many road networks are visible in the image?,1,1,Landsat30-AU-VQA-train
How many distinct complete islands are visible in the image?,5,1,Landsat30-AU-VQA-train
What is the spatial relationship between the bare ground and the cultivated areas in the image?,1,1,Landsat30-AU-VQA-train
What is the spatial relation between natural terrestrial vegetation and natural bare surfaces in the image?,1,1,Landsat30-AU-VQA-train
What is the spatial relation between the road and the terrestrial vegetation in the image?,1,1,Landsat30-AU-VQA-train
What is the spatial relation between the cultivated fields and the river in the image?,4,1,Landsat30-AU-VQA-train
What is the spatial relation between the bare surface and the cultivated fields in the image?,1,1,Landsat30-AU-VQA-train
What is the spatial relationship between the branching river and the bare surface?,1,1,Landsat30-AU-VQA-train
What is the spatial relationship between the vegetation and the lakes in the image?,1,1,Landsat30-AU-VQA-train
How many main river channels are clearly visible in the image?,1,1,Landsat30-AU-VQA-train
What is the spatial relationship between the beach and the sea in the image?,1,1,Landsat30-AU-VQA-train
What is the spatial relation between the open pit mine and the river in the image?,2,1,Landsat30-AU-VQA-train
How many airstrip are visible in the image?,1,1,Landsat30-AU-VQA-train
What is the spatial relationship between the settlement and the surrounding vegetation?,1,1,Landsat30-AU-VQA-train
How many prominent complete green circular patches are visible in the image?,1,1,Landsat30-AU-VQA-train
What is the spatial relationship between the cultivated cropland and the forests in the image?,1,1,Landsat30-AU-VQA-train
What type of land cover is predominantly visible in the image?,4,1,Landsat30-AU-VQA-train
What is the spatial relationship between the bare surfaces and any visible vegetation in the image?,1,1,Landsat30-AU-VQA-train
Where are the cropland fields located in relation to the coastline in the image?,1,1,Landsat30-AU-VQA-train
What is the spatial relation between the town and the coastline in the image?,1,1,Landsat30-AU-VQA-train
How many distinct field boundaries can be observed in the image?,3,1,Landsat30-AU-VQA-train
Which type of landscape is most prominently depicted in the image?,4,1,Landsat30-AU-VQA-train
What is the spatial relationship between the small town and the forests in the image?,1,1,Landsat30-AU-VQA-train
What is the spatial relationship between the dendritic drainage pattern and the mining area?,1,1,Landsat30-AU-VQA-train
What is the relationship between the river and the bare surface?,1,1,Landsat30-AU-VQA-train
What is the relationship between the cropland and the water body in the image?,1,1,Landsat30-AU-VQA-train
Which type of land cover dominates the central area of this image?,1,1,Landsat30-AU-VQA-train
What is the spatial relationship between the urban area and the natural bare surfaces?,1,1,Landsat30-AU-VQA-train
What is the spatial relationship between the sandy shore and the water bodies in this image?,1,1,Landsat30-AU-VQA-train
What is the spatial relationship between the beach and the water body in the image?,4,1,Landsat30-AU-VQA-train
What is the spatial relationship between the cultivated fields and the natural vegetation?,4,1,Landsat30-AU-VQA-train
What is the spatial relationship between the bare ground and water bodies in this image?,1,1,Landsat30-AU-VQA-train
What is the spatial relation between the urban infrastructure and cultivated fields?,1,1,Landsat30-AU-VQA-train
Which of the following objects is visible as linear features separating fields in the image?,1,1,Landsat30-AU-VQA-train
What is the spatial relation between the quarry and the natural bare surface in the image?,1,1,Landsat30-AU-VQA-train
How many distinct cropland sections are visible in the image?,1,1,Landsat30-AU-VQA-train
What is the spatial relationship between cropland and river in the image?,1,1,Landsat30-AU-VQA-train
How many distinct patches of artificial surface are visible in the image?,1,1,Landsat30-AU-VQA-train
What is the spatial relationship between the coastline and the cropland in the image?,2,1,Landsat30-AU-VQA-train
How many major roads are visible in the image?,3,1,Landsat30-AU-VQA-train
How many distinct green irrigated circles can be observed in the image?,3,1,Landsat30-AU-VQA-train
What is the spatial relation between the cultivated fields and the river?,4,1,Landsat30-AU-VQA-train
How many settlements can be identified in the image?,1,1,Landsat30-AU-VQA-train
What is the spatial relationship between the patchwork fields and the natural terrestrial vegetation in the image?,1,1,Landsat30-AU-VQA-train
How many clusters of buildings are visible in the image?,1,1,Landsat30-AU-VQA-train
How are the cultivated fields arranged in relation to the water bodies?,1,1,Landsat30-AU-VQA-train
What is the spatial relationship between the fields and the roads in the image?,1,1,Landsat30-AU-VQA-train
Which best describes the overall landscape visible in the image?,1,1,Landsat30-AU-VQA-train
How many center-pivot irrigation fields can be seen in the image?,1,1,Landsat30-AU-VQA-train
What is the spatial relationship between the agricultural areas and the river?,1,1,Landsat30-AU-VQA-train
What is the spatial relation between the bare surface and the cropland in the image?,1,1,Landsat30-AU-VQA-train
How many distinct circular irrigated fields can be seen in the image?,2,1,Landsat30-AU-VQA-train
What is the spatial relationship between the cropland fields and the surrounding land?,1,1,Landsat30-AU-VQA-train
Where is the artificial surface located relative to the main natural bare surfaces?,1,1,Landsat30-AU-VQA-train
What is the spatial relationship between the bare surface and the stream in the image?,1,1,Landsat30-AU-VQA-train
What is the spatial relation between the urban area and the coastline in the image?,1,1,Landsat30-AU-VQA-train
How are the patchwork fields arranged in relation to the natural vegetation patches?,1,1,Landsat30-AU-VQA-train
What is the spatial relationship between cultivated areas and bare surfaces in the image?,1,1,Landsat30-AU-VQA-train
Which of the following objects from the list is visible in the bottom right area of the image?,1,1,Landsat30-AU-VQA-train
How many roads can be identified in the centre part of the image?,1,1,Landsat30-AU-VQA-train
What is the spatial relationship between the rectangular fields and the bare soil areas in the image?,1,1,Landsat30-AU-VQA-train
Which of the following objects is present in the upper left part of the image?,1,1,Landsat30-AU-VQA-train
What is the spatial relation between the urban area and the river in the image?,3,1,Landsat30-AU-VQA-train
What is the spatial relation between the road corridors and the exposed ground?,1,1,Landsat30-AU-VQA-train
What is the spatial relationship between the cultivated fields and the river in the image?,6,1,Landsat30-AU-VQA-train
How many distinct water bodies (including rivers) can be observed in the image?,1,1,Landsat30-AU-VQA-train
How many clouds can be seen in the image?,3,1,Landsat30-AU-VQA-train
What is the spatial relationship between the cultivated terrestrial vegetation and the river?,1,1,Landsat30-AU-VQA-train
How many types of land cover are distinctly visible in the image?,1,1,Landsat30-AU-VQA-train
How are the fields arranged in relation to the surrounding vegetation?,1,1,Landsat30-AU-VQA-train
Which of the following objects can be seen in the centre of the image?,2,1,Landsat30-AU-VQA-train
How many rivers or streams can be seen in the image?,1,1,Landsat30-AU-VQA-train
What is the spatial relation between cropland fields and natural bare surfaces in the image?,1,1,Landsat30-AU-VQA-train
What is the predominant type of land cover visible in this image?,5,1,Landsat30-AU-VQA-train
What is the spatial relationship between the urban area and the cropland in the image?,2,1,Landsat30-AU-VQA-train
How many race tracks are visible in the image?,1,1,Landsat30-AU-VQA-train
How many distinct gas wells are visible in the image?,1,1,Landsat30-AU-VQA-train
What is the spatial relationship between bare ground and other features in the image?,1,1,Landsat30-AU-VQA-train
Which of the following objects can be observed in the left part of the image?,1,1,Landsat30-AU-VQA-train
What is the spatial relation between the urban area and the surrounding vegetation?,1,1,Landsat30-AU-VQA-train
How many water bodies or ponds are visible in the image?,1,1,Landsat30-AU-VQA-train
What is the spatial relation between the salt flat and the water bodies?,1,1,Landsat30-AU-VQA-train
How many cloud shadows in the image?,1,1,Landsat30-AU-VQA-train
Which of the following features is clearly visible along the edge of the land in the image?,1,1,Landsat30-AU-VQA-train
What is the spatial relationship between the fields and the streams in the image?,1,1,Landsat30-AU-VQA-train
What type of landscape dominates the image?,2,1,Landsat30-AU-VQA-train
What is the dominant type of landscape visible in this image?,1,1,Landsat30-AU-VQA-train
How many major river tributaries can be seen in the image?,1,1,Landsat30-AU-VQA-train
How many distinct sand patches are visible along the river in the image?,1,1,Landsat30-AU-VQA-train
How many major river corridors are visible in the image?,1,1,Landsat30-AU-VQA-train
What is the spatial relationship between the coastline and the vegetated areas in the image?,1,1,Landsat30-AU-VQA-train
What is the spatial relationship between the property boundaries and the cropland?,1,1,Landsat30-AU-VQA-train
What is the spatial relation between the natural bare surfaces and the area with natural terrestrial vegetation?,1,1,Landsat30-AU-VQA-train
What is the relationship between the river and the agricultural plots in the image?,1,1,Landsat30-AU-VQA-train
How many distinct river segments can be identified in the image?,1,1,Landsat30-AU-VQA-train
What is the spatial relationship between the cultivated terrestrial vegetation and the natural bare surface?,1,1,Landsat30-AU-VQA-train
How many main river channels can be seen winding through the right side of the image?,1,1,Landsat30-AU-VQA-train
What is the spatial relation between cultivated cropland and natural terrestrial vegetation in the image?,3,1,Landsat30-AU-VQA-train
What is the spatial relationship between the river and the cropland fields?,2,1,Landsat30-AU-VQA-train
What is the spatial relationship between the water body and the natural bare surfaces?,2,1,Landsat30-AU-VQA-train
What is the spatial relationship between the green fields and the river?,1,1,Landsat30-AU-VQA-train
How are the cropland patches spatially related to the area of natural vegetation in the upper right?,1,1,Landsat30-AU-VQA-train
How many distinct big clearings can be seen in the image?,1,1,Landsat30-AU-VQA-train
What is the spatial relation between the cultivated land and the water bodies in the image?,1,1,Landsat30-AU-VQA-train
Which of the following objects can be clearly seen in the image?,1,1,Landsat30-AU-VQA-train
Where is the cloud located relative to the center of the image?,1,1,Landsat30-AU-VQA-train
How many distinct rivers are clearly visible in the upper right part of the image?,1,1,Landsat30-AU-VQA-train
How many major river segments can be seen crossing the cropland fields?,1,1,Landsat30-AU-VQA-train
What is the spatial relationship between the natural bare surfaces and the surrounding vegetation?,1,1,Landsat30-AU-VQA-train
What is the dominant type of land cover shown in the image?,3,1,Landsat30-AU-VQA-train
Which type of landscape dominates the upper portion of the image?,1,1,Landsat30-AU-VQA-train
What is the spatial relationship between the town and the coastline in this image?,1,1,Landsat30-AU-VQA-train
What is the spatial relationship between the river and the agricultural fields?,1,1,Landsat30-AU-VQA-train
What is the spatial relationship between the natural terrestrial vegetation and the coastline?,1,1,Landsat30-AU-VQA-train
What is the spatial relationship between the cultivated areas and the natural vegetation in the image?,1,1,Landsat30-AU-VQA-train
What is the relationship between the river and the vegetation in the image?,1,1,Landsat30-AU-VQA-train
What is the spatial relationship between the green fields and the coastline?,1,1,Landsat30-AU-VQA-train
What is the spatial relationship between the road corridors and the agricultural fields in the image?,1,1,Landsat30-AU-VQA-train
What is the spatial relation between the tracks and the bare surface in the image?,1,1,Landsat30-AU-VQA-train
What is the spatial relationship between the cultivated fields and natural bare surfaces in the image?,1,1,Landsat30-AU-VQA-train
Which land cover type is most prominent in this image?,1,1,Landsat30-AU-VQA-train
What is the spatial relationship between the surface water flow paths and the bare ground in the image?,1,1,Landsat30-AU-VQA-train
How many distinct cloud with shadows are visible in the image?,2,1,Landsat30-AU-VQA-train
What is the spatial relationship between cultivated terrestrial vegetation and bare surfaces in the image?,2,1,Landsat30-AU-VQA-train
What is the spatial relationship between the bare ground and the river in the image?,1,1,Landsat30-AU-VQA-train
How many distinct complete green irrigated circles are visible in the image?,1,1,Landsat30-AU-VQA-train
How many towns can be seen in the image?,1,1,Landsat30-AU-VQA-train
How many distinct ponds can be seen in the image?,2,1,Landsat30-AU-VQA-train
Which type of landscape dominates the image?,5,1,Landsat30-AU-VQA-train
What type of land cover best describes the majority of the area in the image?,1,1,Landsat30-AU-VQA-train
What is the spatial relationship between the tracks and the cultivated vegetation in the image?,1,1,Landsat30-AU-VQA-train
Which type of environment is primarily shown in the image?,1,1,Landsat30-AU-VQA-train
Where is the artificial surface located in relation to the cropland?,1,1,Landsat30-AU-VQA-train
How many major river branches are visible in the image?,2,1,Landsat30-AU-VQA-train
How many distinct areas of bare surface can be observed in the image?,1,1,Landsat30-AU-VQA-train
What is the spatial relationship between the river and the surrounding vegetation?,11,1,Landsat30-AU-VQA-train
What is the spatial relationship between the sandbar and the water body?,1,1,Landsat30-AU-VQA-train
Which of the following objects from the list is present in the image?,4,1,Landsat30-AU-VQA-train
What is the spatial relation between the natural bare surfaces and natural terrestrial vegetation in the image?,1,1,Landsat30-AU-VQA-train
Which of the following objects is present in the upper right area of the image?,1,1,Landsat30-AU-VQA-train
What is the spatial relationship between the river corridor and the bare ground in the image?,1,1,Landsat30-AU-VQA-train
How many distinct clouds are visible in the top right corner of the image?,1,1,Landsat30-AU-VQA-train
How many major water bodies (such as river or coast) are visible in the image?,1,1,Landsat30-AU-VQA-train
How many distinct road corridors can be observed in the image?,7,1,Landsat30-AU-VQA-train
Which of the following objects is visible in the bottom right area of the image?,3,1,Landsat30-AU-VQA-train
What is the spatial relation between the cropland fields and the area with natural vegetation in the image?,1,1,Landsat30-AU-VQA-train
What is the spatial relation between the river and the road corridor?,1,1,Landsat30-AU-VQA-train
What is the spatial relationship between the river and the cultivated land in the image?,2,1,Landsat30-AU-VQA-train
What is the relationship between the river and the fields in the image?,3,1,Landsat30-AU-VQA-train
What is the spatial relationship between the salt flat and the patchwork fields?,1,1,Landsat30-AU-VQA-train
What is the spatial relation between the road corridor and the lake in the image?,1,1,Landsat30-AU-VQA-train
How many distinct water bodies are visible in the upper part of the image?,2,1,Landsat30-AU-VQA-train
Where are the cultivated fields located relative to the majority of the bare ground in the image?,1,1,Landsat30-AU-VQA-train
How many distinct river channels can be seen in the image?,2,1,Landsat30-AU-VQA-train
How many major water bodies (rivers) can be seen in the image?,1,1,Landsat30-AU-VQA-train
What is the spatial relationship between cultivated cropland and natural terrestrial vegetation in the image?,1,1,Landsat30-AU-VQA-train
How many distinct areas of dense vegetation can be observed in the centre of the image?,1,1,Landsat30-AU-VQA-train
What is the dominant type of landscape shown in the image?,3,1,Landsat30-AU-VQA-train
What is the spatial relationship between the water bodies and the vegetated land in the image?,1,1,Landsat30-AU-VQA-train
Which of the following features is clearly visible in the upper part of the image?,1,1,Landsat30-AU-VQA-train
How many circular fields are visible in the image?,1,1,Landsat30-AU-VQA-train
What is the spatial relationship between the sandy strip and the water body in the image?,1,1,Landsat30-AU-VQA-train
Which type of landscape is primarily shown in the image?,5,1,Landsat30-AU-VQA-train
What is the spatial relationship between the industrial zones and the nearby water bodies?,1,1,Landsat30-AU-VQA-train
Which of the following objects is visible in the lower part of the image?,2,1,Landsat30-AU-VQA-train
What is the spatial relation between the highland and the bare surface in the image?,1,1,Landsat30-AU-VQA-train
How many artificial clearings can be observed in the image?,1,1,Landsat30-AU-VQA-train
How many distinct urban fabric areas can be identified in the bottom part of the image?,1,1,Landsat30-AU-VQA-train
Which of the following objects is visible in the bottom left part of the image?,5,1,Landsat30-AU-VQA-train
What is the spatial relationship between the green vegetation corridors and the cropland?,1,1,Landsat30-AU-VQA-train
What is the spatial relation between the bare surfaces and the natural vegetation in the image?,1,1,Landsat30-AU-VQA-train
What is the spatial relationship between the town and the cropland fields?,1,1,Landsat30-AU-VQA-train
What is the dominant land cover type in the right half of the image?,2,1,Landsat30-AU-VQA-train
What is the relationship between the natural bare surfaces and cultivated terrestrial vegetation in the image?,1,1,Landsat30-AU-VQA-train
What is the spatial relationship between the cropland and the river?,6,1,Landsat30-AU-VQA-train
What is the spatial relation between the cropland and the road corridor in the image?,2,1,Landsat30-AU-VQA-train
How many sandbars are clearly visible in the image?,1,1,Landsat30-AU-VQA-train
How many major water bodies (such as rivers or ponds) are clearly visible in the image?,1,1,Landsat30-AU-VQA-train
Which of the following objects is present in the left part of the image?,3,1,Landsat30-AU-VQA-train
What is the spatial relationship between the natural bare surfaces and the seasonal river streams in the image?,1,1,Landsat30-AU-VQA-train
How many river channels can be observed in the bottom right corner of the image?,1,1,Landsat30-AU-VQA-train
What is the spatial relationship between the cultivated areas and the dense forest?,1,1,Landsat30-AU-VQA-train
What is the spatial relation between cropland and the lake or pond in the image?,1,1,Landsat30-AU-VQA-train
What is the spatial relationship between the river and the salt deposits?,1,1,Landsat30-AU-VQA-train
How many distinct photovoltaic installations (solar farms) are visible in the image?,1,1,Landsat30-AU-VQA-train
What type of landscape is primarily shown in this image?,7,1,Landsat30-AU-VQA-train
How many major water features (such as rivers or drainage lines) are visible in the image?,1,1,Landsat30-AU-VQA-train
How many distinct watr bodies (including rivers) are visible in the image?,1,1,Landsat30-AU-VQA-train
What is the spatial relationship between the natural bare surfaces and the sparse vegetation in the image?,1,1,Landsat30-AU-VQA-train
What is the relationship between the river and the surrounding vegetation?,1,1,Landsat30-AU-VQA-train
How many distinct patches of natural bare surface are visible in the image?,1,1,Landsat30-AU-VQA-train
What is the spatial relationship between the drainage network and the bare surfaces?,1,1,Landsat30-AU-VQA-train
What is the spatial relationship between the water bodies and the bare ground?,1,1,Landsat30-AU-VQA-train
What type of land cover dominates the environment shown in the image?,1,1,Landsat30-AU-VQA-train
How many distinct road corridors can be seen crossing the image?,1,1,Landsat30-AU-VQA-train
What is the spatial relationship between the river and the patchwork fields in the image?,1,1,Landsat30-AU-VQA-train
Where are the cropland areas located in relation to the natural terrestrial vegetation?,1,1,Landsat30-AU-VQA-train
What is the spatial relationship between the vegetated areas and the bare ground?,1,1,Landsat30-AU-VQA-train
What is the spatial relationship between the road corridor and cultivated terrestrial vegetation?,1,1,Landsat30-AU-VQA-train
What is the predominant land cover type visible in the centre of the image?,1,1,Landsat30-AU-VQA-train
What is the spatial relation between the rectangular fields and the water body?,1,1,Landsat30-AU-VQA-train
How many river mouths are visible in the image?,1,1,Landsat30-AU-VQA-train
How many distinct islands can be observed in the sea area of the image?,1,1,Landsat30-AU-VQA-train
How many distinct cropland fields can be identified in the image?,1,1,Landsat30-AU-VQA-train
How do the bare surfaces relate to the natural terrestrial vegetation in the image?,1,1,Landsat30-AU-VQA-train
What is the dominant land cover type in the left part of the image?,1,1,Landsat30-AU-VQA-train
What is the spatial relationship between the river and the rectangular fields?,3,1,Landsat30-AU-VQA-train
What is the spatial relationship between the river and the patchy fields in the image?,1,1,Landsat30-AU-VQA-train
How many distinct large towns can be observed in the image?,1,1,Landsat30-AU-VQA-train
How many major water features (such as rivers or streams) are visible in the image?,1,1,Landsat30-AU-VQA-train
What is the spatial relationship between the water body and the cultivated fields?,1,1,Landsat30-AU-VQA-train
How many distinct water bodies (such as rivers or tributaries) are visible in the image?,1,1,Landsat30-AU-VQA-train
How many urban areas can be identified in the image?,1,1,Landsat30-AU-VQA-train
What is the spatial relationship between the cropland and the forests in the image?,3,1,Landsat30-AU-VQA-train
How many main water channels can be observed in the image?,1,1,Landsat30-AU-VQA-train
Which type of landscape is predominantly shown in this image?,6,1,Landsat30-AU-VQA-train
How many distinct agricultural field patches are visible in the image?,2,1,Landsat30-AU-VQA-train
Which of the following objects is visible winding through the image?,1,1,Landsat30-AU-VQA-train
What is the spatial relation between the cultivated cropland and the road corridor?,1,1,Landsat30-AU-VQA-train
What is the spatial relationship between the lake and the cropland fields in the image?,1,1,Landsat30-AU-VQA-train
What is the spatial relationship between the urban area and the cropland fields in the image?,2,1,Landsat30-AU-VQA-train
What is the spatial relation between the stream and the fields?,1,1,Landsat30-AU-VQA-train
Which type of land cover dominates the central portion of the image?,1,1,Landsat30-AU-VQA-train
What is the spatial relationship between the fields and the road corridors in the image?,2,1,Landsat30-AU-VQA-train
How many distinct open pit mines can be seen crossing the image?,1,1,Landsat30-AU-VQA-train
What is the spatial relationship between the cultivated fields and the dirt tracks in the image?,1,1,Landsat30-AU-VQA-train
What is the spatial relation between the river and the cropland fields?,1,1,Landsat30-AU-VQA-train
How many distinct complete islands are visible in the water in this image?,1,1,Landsat30-AU-VQA-train
What is the spatial relationship between the cultivated areas and the river in the image?,1,1,Landsat30-AU-VQA-train
What is the spatial relationship between the river and the light-colored rectangular structures?,1,1,Landsat30-AU-VQA-train
What is the spatial relation between the road corridor and the shoreline in the image?,1,1,Landsat30-AU-VQA-train
What is the spatial relationship between the water body and the cultivated fields in the image?,1,1,Landsat30-AU-VQA-train
How many distinct roads can be identified in the image?,1,1,Landsat30-AU-VQA-train
What is the spatial relationship between the cropland and the natural terrestrial vegetation?,3,1,Landsat30-AU-VQA-train
How many large patches of forested hills are visible in the image?,1,1,Landsat30-AU-VQA-train
Which of the following best describes the overall land cover in the image?,1,1,Landsat30-AU-VQA-train
Which of the following objects can be seen in the upper left part of the image?,3,1,Landsat30-AU-VQA-train
How many distinct fields are visible in the image?,1,1,Landsat30-AU-VQA-train
What is the spatial relationship between the cropland and the small towns in the image?,1,1,Landsat30-AU-VQA-train
Which of the following objects can be clearly identified in the image?,1,1,Landsat30-AU-VQA-train
What is the spatial relationship between the lake and the green patches in the image?,1,1,Landsat30-AU-VQA-train
What type of environment is primarily shown in the image?,1,1,Landsat30-AU-VQA-train
Which type of landscape best describes the majority of left half of the image?,1,1,Landsat30-AU-VQA-train
What is the spatial relationship between the road corridors and the agricultural fields?,1,1,Landsat30-AU-VQA-train
What is the spatial relation between the reservoir and the natural terrestrial vegetation in the image?,2,1,Landsat30-AU-VQA-train
What is the spatial relationship between the lake and the bare ground in the image?,1,1,Landsat30-AU-VQA-train
What is the spatial relation between the river and the patchwork fields in the image?,1,1,Landsat30-AU-VQA-train
What is the spatial relationship between the road corridors and the cropland in the image?,1,1,Landsat30-AU-VQA-train
How many distinct shoreline sections are clearly visible in the image?,1,1,Landsat30-AU-VQA-train
What is the spatial relation between the road corridors and the natural vegetation?,1,1,Landsat30-AU-VQA-train
How many complete islands are clearly visible in the image?,1,1,Landsat30-AU-VQA-train
What type of land cover dominates the right side of the image?,1,1,Landsat30-AU-VQA-train
What is the spatial relation between the bare ground and the natural terrestrial vegetation in the image?,1,1,Landsat30-AU-VQA-train
How many distinct water bodies (such as rivers or drainage channels) are clearly visible in the image?,1,1,Landsat30-AU-VQA-train
How many road corridors are distinctly visible crossing the cropland?,1,1,Landsat30-AU-VQA-train
What is the spatial relationship between the road corridor and the bare ground in the image?,2,1,Landsat30-AU-VQA-train
What is the spatial relation between the river and the cultivated terrestrial vegetation?,2,1,Landsat30-AU-VQA-train
What is the spatial relation between the cultivated cropland and the river in the image?,1,1,Landsat30-AU-VQA-train
How many distinct rivers can be seen winding through the image?,1,1,Landsat30-AU-VQA-train
Where is the water body located in relation to the main vegetated area?,1,1,Landsat30-AU-VQA-train
What is the spatial relationship between the river corridor and the bare surfaces?,1,1,Landsat30-AU-VQA-train
What is the spatial relationship between the agricultural fields and the dense forest?,1,1,Landsat30-AU-VQA-train
What is the spatial relationship between the bare surfaces and natural vegetation in the image?,1,1,Landsat30-AU-VQA-train
What is the spatial relationship between the coastline and the natural terrestrial vegetation in the image?,1,1,Landsat30-AU-VQA-train
What is the spatial relationship between natural terrestrial vegetation and cultivated terrestrial vegetation in the image?,1,1,Landsat30-AU-VQA-train
What is the spatial relationship between the bare surfaces and the patches of natural terrestrial vegetation?,1,1,Landsat30-AU-VQA-train
What is the spatial relation between the cropland fields and the lake in the image?,1,1,Landsat30-AU-VQA-train
How many distinct irrigated circles can be identified in the image?,5,1,Landsat30-AU-VQA-train
Which of the following objects is visible in the left centre part of the image?,1,1,Landsat30-AU-VQA-train
What is the spatial relationship between cropland and forest in the image?,1,1,Landsat30-AU-VQA-train
What is the spatial relation between the river and the town in the image?,1,1,Landsat30-AU-VQA-train
How many distinct coastline segments can be observed in the image?,1,1,Landsat30-AU-VQA-train
What is the spatial relationship between the cropland fields and the water bodies in the image?,3,1,Landsat30-AU-VQA-train
What is the spatial relationship between the town and the cropland?,1,1,Landsat30-AU-VQA-train
Which of the following features is present in the image?,10,1,Landsat30-AU-VQA-train
Which of the following objects is visible in the upper right area of image?,1,1,Landsat30-AU-VQA-train
How many distinct airport runways can be observed in the image?,2,1,Landsat30-AU-VQA-train
What is the predominant land cover type in the centre of the image?,1,1,Landsat30-AU-VQA-train
How many distinct land parcels with cultivated vegetation can be seen in the image?,1,1,Landsat30-AU-VQA-train
What is the spatial relation between the cropland fields and the road corridors in the image?,1,1,Landsat30-AU-VQA-train
How many river-like features are visible in the image?,1,1,Landsat30-AU-VQA-train
Which of the following features is clearly present in the image?,2,1,Landsat30-AU-VQA-train
What is the spatial relation between the natural vegetation and the bare surfaces in the image?,1,1,Landsat30-AU-VQA-train
What is the spatial relationship between the cultivated fields and the natural terrestrial vegetation in the image?,3,1,Landsat30-AU-VQA-train
What is the spatial relationship between the patchwork fields and the small towns?,1,1,Landsat30-AU-VQA-train
What is the spatial relation between the circular patches and the rectangular patches in the image?,1,1,Landsat30-AU-VQA-train
Which of the following objects is present in the bottom right part of the image?,1,1,Landsat30-AU-VQA-train
What is the spatial relation between the river and the cultivated vegetation in the image?,2,1,Landsat30-AU-VQA-train
What is the spatial relationship between the water and the islands in the image?,1,1,Landsat30-AU-VQA-train
What is the spatial relation between the cultivated fields and the forest in the image?,1,1,Landsat30-AU-VQA-train
Which of the following features is visible along the edge of the land in the image?,2,1,Landsat30-AU-VQA-train
How many major rivers or lakes can be identified in the image?,1,1,Landsat30-AU-VQA-train
What is the spatial relation between the forests and the fields in the image?,1,1,Landsat30-AU-VQA-train
What is the spatial relationship between bare surfaces and vegetation in the image?,1,1,Landsat30-AU-VQA-train
Which type of landscape is primarily shown in this image?,3,1,Landsat30-AU-VQA-train
How many distinct linear features resembling road corridors are visible in the image?,1,1,Landsat30-AU-VQA-train
How many river corridors can be seen in the image?,1,1,Landsat30-AU-VQA-train
How many water bodies are visible in the image?,4,1,Landsat30-AU-VQA-train
Which of the following features can be seen along the right edge of the image?,1,1,Landsat30-AU-VQA-train
What type of land cover predominantly appears in the image?,4,1,Landsat30-AU-VQA-train
How many distinct race tracks are clearly visible in the left corner of the image?,1,1,Landsat30-AU-VQA-train
How many distinct water-covered surfaces are visible in the image?,1,1,Landsat30-AU-VQA-train
How many distinct water bodies (lake or pond) can be observed in the image?,1,1,Landsat30-AU-VQA-train
What is the predominant land cover in the image?,1,1,Landsat30-AU-VQA-train
What is the spatial relationship between the river and the cultivated terrestrial vegetation patches?,1,1,Landsat30-AU-VQA-train
How many distinct areas of urban fabric are visible in the image?,1,1,Landsat30-AU-VQA-train
What is the spatial relation between the salt flats and the water body in the image?,1,1,Landsat30-AU-VQA-train
What is the spatial relationship between cropland and the river corridor in the image?,1,1,Landsat30-AU-VQA-train
How many major cultivated field patterns (distinct irrigated plots) can be identified in the upper left part of the image?,1,1,Landsat30-AU-VQA-train
How many linear tracks are clearly visible in the image?,1,1,Landsat30-AU-VQA-train
What type of environment is depicted in the image?,1,1,Landsat30-AU-VQA-train
How many distinctly complete circular irrigated fields can be identified in the image?,1,1,Landsat30-AU-VQA-train
What is the relationship between the cultivated fields and the river?,2,1,Landsat30-AU-VQA-train
What is the spatial relationship between the road corridor and the cultivated fields in the image?,1,1,Landsat30-AU-VQA-train
What is the spatial relationship between the stream network and the bare ground in the image?,1,1,Landsat30-AU-VQA-train
Which best describes the main landscape shown in the image?,1,1,Landsat30-AU-VQA-train
Which type of landscape is most prominently shown in the image?,3,1,Landsat30-AU-VQA-train
What is the spatial relationship between the forested terrain and the cultivated fields in the image?,1,1,Landsat30-AU-VQA-train
How many distinct waterbodies are visible in the image?,2,1,Landsat30-AU-VQA-train
What is the spatial relationship between the cultivated fields and the forests in the image?,1,1,Landsat30-AU-VQA-train
How many distinct road networks are visible in the image?,1,1,Landsat30-AU-VQA-train
Where is the water body located in relation to the vegetation in the image?,1,1,Landsat30-AU-VQA-train
How many bridges can be observed crossing the image?,1,1,Landsat30-AU-VQA-train
What is the spatial relation between the drainage lines and the bare surfaces?,1,1,Landsat30-AU-VQA-train
What is the spatial relation between the coastline and the cropland parcels?,1,1,Landsat30-AU-VQA-train
How many distinct small water bodies are visible in the image?,1,1,Landsat30-AU-VQA-train
What is the spatial relation between the cropland fields and the linear features (such as tracks or paths) in the image?,1,1,Landsat30-AU-VQA-train
How many distinct road networks can be observed in the image?,1,1,Landsat30-AU-VQA-train
How many distinct ponds or lakes are visible in the image?,3,1,Landsat30-AU-VQA-train
What is the spatial relation between the urban fabric and the cropland fields in the image?,2,1,Landsat30-AU-VQA-train
What is the spatial relationship between the cropland and the field boundaries in the image?,1,1,Landsat30-AU-VQA-train
What is the spatial relation between the river and the water body in the image?,1,1,Landsat30-AU-VQA-train
How many distinct stream-like features can be identified in the image?,1,1,Landsat30-AU-VQA-train
What is the spatial relationship between the road corridor and the cultivated fields?,3,1,Landsat30-AU-VQA-train
How many distinct shallow turquoise zones can be seen in the left part of the image?,1,1,Landsat30-AU-VQA-train
What is the spatial relation between the urban fabric and cultivated fields in the image?,1,1,Landsat30-AU-VQA-train
What is the spatial relationship between the cropland and the bare ground patches in the image?,1,1,Landsat30-AU-VQA-train
How many distinct large water bodies (such as lakes or ponds) are visible in the image?,1,1,Landsat30-AU-VQA-train
Which key object is clearly visible in the left part of the image?,1,1,Landsat30-AU-VQA-train
How many road corridors are clearly visible in the image?,1,1,Landsat30-AU-VQA-train
What is the spatial relationship between the rectangular fields and the road corridors in the image?,1,1,Landsat30-AU-VQA-train
What is the spatial relationship between the cultivated vegetation and the natural vegetation in the image?,1,1,Landsat30-AU-VQA-train
Which of the following features can be seen in the upper left of the image?,1,1,Landsat30-AU-VQA-train
What type of land cover dominates the upper area of the image?,1,1,Landsat30-AU-VQA-train
How many distinct rectangular plots (fields) can be seen in the image?,1,1,Landsat30-AU-VQA-train
What is the spatial relation between the cropland and the artificial area in the image?,1,1,Landsat30-AU-VQA-train
How many visible water networks (such as rivers or streams) are present in the image?,1,1,Landsat30-AU-VQA-train
Which of the following objects is visible in the left side of the image?,1,1,Landsat30-AU-VQA-train
How many major river channels can be seen crossing the image?,1,1,Landsat30-AU-VQA-train
Which type of landscape dominates the central region of the image?,1,1,Landsat30-AU-VQA-train
What is the spatial relation between the river and the bare natural surfaces in the image?,1,1,Landsat30-AU-VQA-train
What is the spatial relationship between the river and the rectangular field patterns?,1,1,Landsat30-AU-VQA-train
What is the relationship between the bare surface and terrestrial vegetation in the image?,1,1,Landsat30-AU-VQA-train
Which of the following features is clearly visible in the bottom left of the image?,1,1,Landsat30-AU-VQA-train
What is the spatial relationship between the cultivated cropland and the natural terrestrial vegetation?,1,1,Landsat30-AU-VQA-train
Which type of land cover dominates the left side of the image?,1,1,Landsat30-AU-VQA-train
What is the spatial relationship between the road corridor and the cropland fields in the image?,4,1,Landsat30-AU-VQA-train
What is the spatial relationship between the cultivated fields and the forested hills in the image?,1,1,Landsat30-AU-VQA-train
How many distinct water bodies can be observed in the top left part of the image?,1,1,Landsat30-AU-VQA-train
What is the spatial relation between the agricultural fields and the dirt roads in the image?,1,1,Landsat30-AU-VQA-train
How many distinct urban areas (small city or large town) can be identified in the image?,1,1,Landsat30-AU-VQA-train
What is the spatial relationship between the cultivated fields and the river?,2,1,Landsat30-AU-VQA-train
How many major river bends are visible in the image?,1,1,Landsat30-AU-VQA-train
What is the spatial relationship between bare ground and natural vegetation in this image?,1,1,Landsat30-AU-VQA-train
How many clouds are present in the image?,1,1,Landsat30-AU-VQA-train
What is the spatial relation between the natural bare surfaces and the vegetation in the image?,1,1,Landsat30-AU-VQA-train
What is the spatial relationship between the cropland and bare surfaces in the image?,1,1,Landsat30-AU-VQA-train
Which of the following features is visible in the upper right part of the image?,1,1,Landsat30-AU-VQA-train
Which of the following objects from the list can be seen winding through the image?,1,1,Landsat30-AU-VQA-train
Which water feature from the list is visible in the image?,1,1,Landsat30-AU-VQA-train
How many distinct clouds are visible in the top left corner of the image?,1,1,Landsat30-AU-VQA-train
What is the spatial relationship between the beach and the ocean in the image?,1,1,Landsat30-AU-VQA-train
How many ponds are visible in the image?,3,1,Landsat30-AU-VQA-train
What is the spatial relationship between the access tracks and the plots?,1,1,Landsat30-AU-VQA-train
How many distinct sandy beaches are visible in the image?,1,1,Landsat30-AU-VQA-train
What is the spatial relationship between the bare surface and terrain features in the image?,1,1,Landsat30-AU-VQA-train
"How many distinct water bodies (such as rivers, small lakes, or ponds) are visible in the image?",1,1,Landsat30-AU-VQA-train
What is the spatial relation between the dendritic drainage patterns and the natural bare surfaces in the image?,1,1,Landsat30-AU-VQA-train
What is the spatial relationship between the rivers and the surrounding vegetation?,1,1,Landsat30-AU-VQA-train
How many distinct built-up or urban areas can be identified in the image?,1,1,Landsat30-AU-VQA-train
What is the spatial relationship between the cultivated cropland and the forests?,1,1,Landsat30-AU-VQA-train
What is the spatial relation between the urban fabric and the cropland in the image?,1,1,Landsat30-AU-VQA-train
What is the spatial relation between the road corridor and the bare ground?,1,1,Landsat30-AU-VQA-train
What is the spatial relationship between the agricultural fields and the natural vegetation in the image?,1,1,Landsat30-AU-VQA-train
What is the spatial relationship between the dry riverbed and the natural bare surface?,1,1,Landsat30-AU-VQA-train
What is the spatial relationship between the river and the vegetated areas in the image?,2,1,Landsat30-AU-VQA-train
What is the predominant landscape type visible in the image?,1,1,Landsat30-AU-VQA-train
How many distinct patches of cloud are visible in the image?,1,1,Landsat30-AU-VQA-train
How many major rivers can be seen in the image?,1,1,Landsat30-AU-VQA-train
What is the dominant land-cover type in the image?,2,1,Landsat30-AU-VQA-train
How many distinct circular vegetation patches are visible in the image?,1,1,Landsat30-AU-VQA-train
What is the spatial relation between the sparse vegetation and the natural bare surfaces?,1,1,Landsat30-AU-VQA-train
How many distinct drainage lines or minor watercourses can be observed branching in the image?,1,1,Landsat30-AU-VQA-train
What is the spatial relation between the natural terrestrial vegetation and the natural bare surface in the image?,1,1,Landsat30-AU-VQA-train
Which type of land cover is most prominent in the center of the image?,1,1,Landsat30-AU-VQA-train
How many distinct water bodies are visible in the left centre of the image?,1,1,Landsat30-AU-VQA-train
What is the spatial relationship between the river and the terrestrial vegetation?,1,1,Landsat30-AU-VQA-train
What is the spatial relationship between the road corridor and the agricultural fields in the image?,1,1,Landsat30-AU-VQA-train
What is the spatial relation between the bare surfaces and the vegetated areas in the image?,1,1,Landsat30-AU-VQA-train
How many prominent tributary channels can be identified in the image?,1,1,Landsat30-AU-VQA-train
What is the spatial relationship between natural bare surfaces and natural vegetation in the image?,1,1,Landsat30-AU-VQA-train
Which of the following features can be observed in the upper right part of the image?,1,1,Landsat30-AU-VQA-train
Which of the following objects is present in the upper right corner of the image?,1,1,Landsat30-AU-VQA-train
What is the spatial relationship between the road corridors and the natural bare surfaces?,1,1,Landsat30-AU-VQA-train
Where are the patchwork fields located relative to the dense natural vegetation in the image?,1,1,Landsat30-AU-VQA-train
What is the spatial relationship between the river and the agricultural field boundaries?,1,1,Landsat30-AU-VQA-train
Which of the following objects can be observed running through the center of the image?,1,1,Landsat30-AU-VQA-train
How many distinct patches of natural terrestrial vegetation can be observed in the image?,1,1,Landsat30-AU-VQA-train
How many distinct river corridors can be observed in the right part of the image?,1,1,Landsat30-AU-VQA-train
Which best describes the dominant land cover in this image?,2,1,Landsat30-AU-VQA-train
What is the spatial relation between the road corridor and the urban area in the image?,1,1,Landsat30-AU-VQA-train
What is the spatial relation between cultivated fields and vegetated areas in the image?,1,1,Landsat30-AU-VQA-train
Where is the dense vegetation located relative to the cultivated fields?,1,1,Landsat30-AU-VQA-train
What best describes the spatial relationship between bare surfaces and vegetation in this image?,1,1,Landsat30-AU-VQA-train
How do the lighter patches relate spatially to the surrounding surface in the image?,1,1,Landsat30-AU-VQA-train
Which type of land cover best describes the environment shown in the image?,4,1,Landsat30-AU-VQA-train
What is the spatial relationship between the natural bare surfaces and the road corridor?,2,1,Landsat30-AU-VQA-train
What is the spatial relationship between the water body and the bare ground in the image?,1,1,Landsat30-AU-VQA-train
What is the spatial relationship between the cropland and bare surface in the image?,1,1,Landsat30-AU-VQA-train
What is the spatial relation between the main road and the rectangular fields?,1,1,Landsat30-AU-VQA-train
How many major river channels are present in the image?,1,1,Landsat30-AU-VQA-train
What is the spatial relationship between the river and the natural bare surface?,1,1,Landsat30-AU-VQA-train
What is the spatial relationship between the patchwork fields and the forested areas in the image?,1,1,Landsat30-AU-VQA-train
What is the spatial relation between the salt flats and the vegetation in the image?,1,1,Landsat30-AU-VQA-train
How many distinct water bodies (excluding rivers) can be observed in the image?,1,1,Landsat30-AU-VQA-train
Which of the following features can be seen in the upper right part of the image?,1,1,Landsat30-AU-VQA-train
What is the spatial relation between the land and the water body in the image?,1,1,Landsat30-AU-VQA-train
How many distinct stream-like features are visible in the image?,2,1,Landsat30-AU-VQA-train
Which of the following objects can be seen scattered throughout the image?,1,1,Landsat30-AU-VQA-train
What is the spatial relation between the cropland and the natural terrain in the image?,1,1,Landsat30-AU-VQA-train
Which type of landscape best describes the main environment in the image?,1,1,Landsat30-AU-VQA-train
What is the spatial relationship between the road corridors and the cultivated fields in the image?,1,1,Landsat30-AU-VQA-train
How many distinct cultivated field patches are visible in the image?,2,1,Landsat30-AU-VQA-train
How many distinct meandering river sections can be observed in the image?,1,1,Landsat30-AU-VQA-train
Which of the following features is visible in the upper side of the image?,1,1,Landsat30-AU-VQA-train
What is the spatial relation between the cropland and the natural bare surfaces?,1,1,Landsat30-AU-VQA-train
What is the spatial relationship between the bare surface and the agricultural plots in the image?,1,1,Landsat30-AU-VQA-train
How many distinct circular irrigated fields can be observed in the image?,1,1,Landsat30-AU-VQA-train
What is the spatial relation between the rocky ridge and the surrounding bare surfaces?,1,1,Landsat30-AU-VQA-train
How many distinct agricultural plots can be identified in the image?,1,1,Landsat30-AU-VQA-train
How many distinct green circular irrigated field patterns can be identified in the image?,1,1,Landsat30-AU-VQA-train
What is the relationship between the road corridor and the surrounding terrain?,1,1,Landsat30-AU-VQA-train
What is the spatial relationship between the cultivated land and the forest in the image?,1,1,Landsat30-AU-VQA-train
How many distinct winding rivers can be seen in the image?,1,1,Landsat30-AU-VQA-train
What is the relationship between the river and the natural terrestrial vegetation in the image?,1,1,Landsat30-AU-VQA-train
What is the spatial relationship between the terrestrial vegetation and the fields?,1,1,Landsat30-AU-VQA-train
What is the spatial relationship between the cultivated cropland and the natural bare surfaces?,1,1,Landsat30-AU-VQA-train
How many open pit mines are visible in the image?,6,1,Landsat30-AU-VQA-train
Which type of land cover dominates the majority of the image?,4,1,Landsat30-AU-VQA-train
How many distinct artificial surfaces (such as buildings or paved areas) can be identified in the image?,1,1,Landsat30-AU-VQA-train
How many major clearings are visible within the forested area?,1,1,Landsat30-AU-VQA-train
What is the spatial relation between the areas of natural terrestrial vegetation and bare surfaces in the image?,1,1,Landsat30-AU-VQA-train
How many water bodies (including reservoirs and rivers) are visible in the image?,1,1,Landsat30-AU-VQA-train
What is the spatial relationship between the roads and the cultivated fields in the image?,1,1,Landsat30-AU-VQA-train
How are the erosion patterns situated relative to the river channel in the image?,1,1,Landsat30-AU-VQA-train
Which of the following objects can be observed in the upper part of the image?,1,1,Landsat30-AU-VQA-train
How many distinct cloud patches are visible in the image?,1,1,Landsat30-AU-VQA-train
What is the spatial relationship between the lake and the cultivated fields?,1,1,Landsat30-AU-VQA-train
What is the spatial relation between natural bare surface and vegetation in the image?,1,1,Landsat30-AU-VQA-train
How many major road corridors are visible in the image?,1,1,Landsat30-AU-VQA-train
What is the spatial relationship between the cultivated fields and the bare surfaces in the image?,3,1,Landsat30-AU-VQA-train
What is the predominant type of land cover shown in the image?,3,1,Landsat30-AU-VQA-train
Which of the following objects is clearly visible in the bottom right part of the image?,2,1,Landsat30-AU-VQA-train
How many distinct river channels can be observed in the image?,3,1,Landsat30-AU-VQA-train
What is the spatial relationship between the open pit mine and the river?,1,1,Landsat30-AU-VQA-train
Which of the following objects is clearly visible in the centre of the image?,4,1,Landsat30-AU-VQA-train
How many distinct cropland patches are visible in the image?,2,1,Landsat30-AU-VQA-train
How many distinct cropland field sections can be observed in the image?,1,1,Landsat30-AU-VQA-train
What is the spatial relationship between the cultivated fields and the road corridor?,3,1,Landsat30-AU-VQA-train
How many distinct rectangular fields are visible in the image?,3,1,Landsat30-AU-VQA-train
What is the spatial relation between the river and the crop fields?,1,1,Landsat30-AU-VQA-train
How many distinct airports can be seen in the image?,3,1,Landsat30-AU-VQA-train
What is the spatial relationship between bare surface and vegetation in the image?,3,1,Landsat30-AU-VQA-train
How many distinct water bodies (such as lakes or rivers) are present in the image?,1,1,Landsat30-AU-VQA-train
Which type of environment is primarily depicted in this image?,2,1,Landsat30-AU-VQA-train
What is the spatial relationship between the cropland and the stream in the image?,1,1,Landsat30-AU-VQA-train
What is the spatial relationship between the road corridor and the vegetation in the image?,1,1,Landsat30-AU-VQA-train
What is the spatial relation between the bare surface and the water in the image?,1,1,Landsat30-AU-VQA-train
What is the spatial relationship between the road corridors and the natural terrestrial vegetation?,1,1,Landsat30-AU-VQA-train
Where are the cultivated fields located in relation to the water bodies?,1,1,Landsat30-AU-VQA-train
Where is the small town located in relation to the majority of the cropland fields?,1,1,Landsat30-AU-VQA-train
What is the spatial relationship between the pond and the cropland fields in the image?,1,1,Landsat30-AU-VQA-train
How many distinct fields can be observed in the image?,2,1,Landsat30-AU-VQA-train
What is the predominant landscape visible in this image?,1,1,Landsat30-AU-VQA-train
What is the spatial relation between cultivated fields and natural bare surfaces in the image?,1,1,Landsat30-AU-VQA-train
Which type of land cover is most dominant in bottom right corner of the image?,1,1,Landsat30-AU-VQA-train
What is the spatial relation between the cloud shadows and the bare surface?,1,1,Landsat30-AU-VQA-train
What is the spatial relationship between the small ridges and the bare surfaces in the image?,1,1,Landsat30-AU-VQA-train
What is the spatial relation between the natural terrestrial vegetation and the cultivated fields in the image?,2,1,Landsat30-AU-VQA-train
What is the relationship between the roads and the river in the image?,1,1,Landsat30-AU-VQA-train
How many distinct unpaved tracks are visible in the image?,1,1,Landsat30-AU-VQA-train
How many main channels or river-like features can be observed in the image?,1,1,Landsat30-AU-VQA-train
How many distinct complete circular irrigated fields are visible in the image?,1,1,Landsat30-AU-VQA-train
What is the spatial relationship between the natural bare surfaces and the river-like features?,1,1,Landsat30-AU-VQA-train
What is the spatial relationship between the natural bare surfaces and any river visible in the image?,1,1,Landsat30-AU-VQA-train
What is the spatial relationship between the cropland fields and the road corridor?,2,1,Landsat30-AU-VQA-train
What is the dominant land cover type visible in the central part of the image?,1,1,Landsat30-AU-VQA-train
How many distinct river branches are visible in the right side of the image?,1,1,Landsat30-AU-VQA-train
How many distinct irrigated circles can be observed in the image?,4,1,Landsat30-AU-VQA-train
What type of landscape is mainly depicted in the image?,1,1,Landsat30-AU-VQA-train
How many water bodies (like dam) are visible in the image?,1,1,Landsat30-AU-VQA-train
What is the dominant type of land cover in the bottom right part of the image?,1,1,Landsat30-AU-VQA-train
What is the spatial relation between the open pit mine and the cultivated cropland?,1,1,Landsat30-AU-VQA-train
How many airports are visible in the image?,7,1,Landsat30-AU-VQA-train
What is the spatial relationship between the croplands and the river in the image?,1,1,Landsat30-AU-VQA-train
Which of the following objects from the list is visible in the bottom left part of the image?,1,1,Landsat30-AU-VQA-train
What is the spatial relation between the road corridor and the rest of the land cover in the image?,1,1,Landsat30-AU-VQA-train
What is the spatial relationship between the natural bare surfaces and the natural terrestrial vegetation?,3,1,Landsat30-AU-VQA-train
How many distinct areas of forest are visible in the image?,1,1,Landsat30-AU-VQA-train
Where is the island located in relation to the water in the image?,1,1,Landsat30-AU-VQA-train
What is the spatial relation between bare ground and natural terrestrial vegetation in the image?,1,1,Landsat30-AU-VQA-train
What is the spatial relation between the exposed soil and the rock in the image?,1,1,Landsat30-AU-VQA-train
How many road corridors can be seen crossing the landscape?,1,1,Landsat30-AU-VQA-train
What is the spatial relationship between the water and the artificial surfaces in the image?,1,1,Landsat30-AU-VQA-train
"How many distinct water-related features (such as ocean, sea, or nearshore waters) are visible in the image?",1,1,Landsat30-AU-VQA-train
What is the spatial relationship between the cropland fields in the image?,1,1,Landsat30-AU-VQA-train
How many distinct water bodies are visible in the top right corner of the image?,1,1,Landsat30-AU-VQA-train
What is the spatial relation between the road corridor and the water body in the image?,1,1,Landsat30-AU-VQA-train
How many distinct artificial structures are visible in the image?,1,1,Landsat30-AU-VQA-train
How many distinct waterbodies are clearly visible in the top right corner of the image?,1,1,Landsat30-AU-VQA-train
What is the spatial relationship between the green fields and the brown fields in the image?,2,1,Landsat30-AU-VQA-train
How many distinct water features can be observed in the image?,1,1,Landsat30-AU-VQA-train
What is the spatial relation between the cropland and the coastline in the image?,1,1,Landsat30-AU-VQA-train
How many distinct ponds or lakes are visible in the upper half of the image?,1,1,Landsat30-AU-VQA-train
How many distinct river corridors are visible in the image?,5,1,Landsat30-AU-VQA-train
What is the spatial relationship between the river and the cultivated cropland?,2,1,Landsat30-AU-VQA-train
What is the spatial relationship between the open pit mine and the natural terrestrial vegetation?,3,1,Landsat30-AU-VQA-train
What is the spatial relation between the urban fabric and the sports field?,1,1,Landsat30-AU-VQA-train
What is the spatial relationship between the terrestrial vegetation and the beaches in the image?,1,1,Landsat30-AU-VQA-train
What is the spatial relationship between cultivated vegetation and bare ground in the image?,1,1,Landsat30-AU-VQA-train
What is the spatial relationship between the cropland fields and the water body?,1,1,Landsat30-AU-VQA-train
What is the spatial relationship between the dark green vegetation and the ocean?,1,1,Landsat30-AU-VQA-train
What is the spatial relation between the patchwork fields and the natural vegetation?,1,1,Landsat30-AU-VQA-train
How many distinct lakes can be seen in the image?,1,1,Landsat30-AU-VQA-train
How do the river branches relate to the bare surface in the image?,1,1,Landsat30-AU-VQA-train
How many distinct water bodies (such as ponds or reservoirs or river) can be observed in the image?,1,1,Landsat30-AU-VQA-train
How many distinct green cropland field patches are visible in the upper part of the image?,1,1,Landsat30-AU-VQA-train
What is the spatial relationship between the cropland and the bare surfaces in the image?,2,1,Landsat30-AU-VQA-train
How many distinct boats or ships are visible in the water?,1,1,Landsat30-AU-VQA-train
What is the spatial relation between the rectangular fields and the road corridors in the image?,1,1,Landsat30-AU-VQA-train
Which type of landscape best describes the environment shown in the image?,2,1,Landsat30-AU-VQA-train
What is the spatial relationship between the vegetated surfaces and the bare land in the image?,1,1,Landsat30-AU-VQA-train
How many distinct areas of cloud cover are visible in the image?,1,1,Landsat30-AU-VQA-train
What type of land cover is primarily visible in this image?,1,1,Landsat30-AU-VQA-train
How many islands are visible in the image?,1,1,Landsat30-AU-VQA-train
What is the spatial relation between the river and the agricultural fields in the image?,1,1,Landsat30-AU-VQA-train
How many distinct valleys can be identified in the image?,1,1,Landsat30-AU-VQA-train
What is the spatial relationship between the bare surface and the road corridor in the image?,1,1,Landsat30-AU-VQA-train
Which of the following objects is visible in the upper right corner of the image?,5,1,Landsat30-AU-VQA-train
Which type of land cover dominates the upper part of the image?,1,1,Landsat30-AU-VQA-train
What is the relationship between the green fields and the bare ground in the image?,1,1,Landsat30-AU-VQA-train
Where is the cloud located in relation to the rest of the landscape?,1,1,Landsat30-AU-VQA-train
What is the spatial relationship between the roads and the cropland in the image?,3,1,Landsat30-AU-VQA-train
How many distinct water features can be seen in the image?,1,1,Landsat30-AU-VQA-train
Which type of scene is most prominently depicted in this image?,1,1,Landsat30-AU-VQA-train
How many distinct river channels are visible in the bottom left part of the image?,1,1,Landsat30-AU-VQA-train
How many distinct clusters of urban fabric (buildings grouped together) can be observed in the image?,1,1,Landsat30-AU-VQA-train
How many distinct golf courses can be identified in the image?,1,1,Landsat30-AU-VQA-train
How many light-colored rectangular structures can be seen in the image?,1,1,Landsat30-AU-VQA-train
What is the spatial relationship between the sandy beach and the water body in the image?,1,1,Landsat30-AU-VQA-train
How many distinct complete green irrigated circles are visible in the upper left quadrant of the image?,1,1,Landsat30-AU-VQA-train
What is the spatial relation between the cultivated terrestrial vegetation and the coastline in the image?,1,1,Landsat30-AU-VQA-train
How many distinct cropland plots can be identified in the image?,1,1,Landsat30-AU-VQA-train
What is the primary land cover type shown in this image?,1,1,Landsat30-AU-VQA-train
Which type of landscape best describes the majority of the area in this image?,5,1,Landsat30-AU-VQA-train
What is the spatial relation between the water body and the cropland in the image?,1,1,Landsat30-AU-VQA-train
What is the spatial relationship between the coastline and the open water in the image?,1,1,Landsat30-AU-VQA-train
What is the spatial relationship between the river and the bare surface?,4,1,Landsat30-AU-VQA-train
How many distinct water bodies (ponds or reservoirs) can be seen in the image?,1,1,Landsat30-AU-VQA-train
What is the spatial relationship between the winding river and the coastline in the image?,1,1,Landsat30-AU-VQA-train
What is the relationship between the buildings and the cropland in the image?,1,1,Landsat30-AU-VQA-train
How many distinct landmasses are visible in the image?,3,1,Landsat30-AU-VQA-train
How many distinct water bodies (such as rivers or ponds) are clearly visible in the image?,1,1,Landsat30-AU-VQA-train
Which of the following objects from the list is visible in the upper right corner of the image?,1,1,Landsat30-AU-VQA-train
How many distinct rivers or streams can be seen in the image?,1,1,Landsat30-AU-VQA-train
What is the spatial relation between the urban area and the water body in the image?,1,1,Landsat30-AU-VQA-train
What is the spatial relationship between the bare surface and the sandy flat?,1,1,Landsat30-AU-VQA-train
What is the spatial relationship between the shallow water body and the landmass?,1,1,Landsat30-AU-VQA-train
Which of the following objects can be seen near the top center of the image?,1,1,Landsat30-AU-VQA-train
What is the spatial relationship between urban fabric and cropland fields in the image?,1,1,Landsat30-AU-VQA-train
How many distinct areas of artificial surfaces (such as urban fabric or buildings) are visible?,1,1,Landsat30-AU-VQA-train
What is the spatial relationship between the river and the surrounding land in the image?,2,1,Landsat30-AU-VQA-train
How many distinct road can be identified in the image?,1,1,Landsat30-AU-VQA-train
What is the spatial relationship between the bare ground and the vegetated area in the image?,1,1,Landsat30-AU-VQA-train
What is the spatial relationship between the road network and the cropland fields?,1,1,Landsat30-AU-VQA-train
How many dry lakes can be observed in the image?,1,1,Landsat30-AU-VQA-train
How many distinct river branches can be seen in the image?,1,1,Landsat30-AU-VQA-train
What is the spatial relation between the road corridor and the bare surfaces in the image?,1,1,Landsat30-AU-VQA-train
What is the spatial relationship between the cropland fields and bare surfaces?,1,1,Landsat30-AU-VQA-train
What is the spatial relation between the bare ground and the natural terrestrial vegetation?,2,1,Landsat30-AU-VQA-train
How many large urban areas (city) are visible in the image?,1,1,Landsat30-AU-VQA-train
What is the spatial relation between the tributary channels and the bare surface?,1,1,Landsat30-AU-VQA-train
What is the spatial relation between the urban fabric and the cropland fields?,1,1,Landsat30-AU-VQA-train
What is the spatial relationship between the road corridor and the cultivated terrestrial vegetation?,1,1,Landsat30-AU-VQA-train
How many distinct water bodies (such as ponds or rivers) are visible in the bottom left area of the image?,1,1,Landsat30-AU-VQA-train
What is the spatial relation between the bare ground and the vegetated surfaces in the image?,1,1,Landsat30-AU-VQA-train
How many distinct areas of bare surface can be seen in the image?,1,1,Landsat30-AU-VQA-train
What is the spatial relationship between the coastline and the urban area in the image?,2,1,Landsat30-AU-VQA-train
How many distinct cropland plots can be observed in the image?,1,1,Landsat30-AU-VQA-train
What is the spatial relationship between the access roads and the cultivated fields in the image?,1,1,Landsat30-AU-VQA-train
What is the relationship between the river and the cultivated plots in the image?,1,1,Landsat30-AU-VQA-train
What is the spatial relation between the drainage lines and the bare surface?,1,1,Landsat30-AU-VQA-train
How many major river systems are visible in the image?,1,1,Landsat30-AU-VQA-train
How many bridges crossing the river are visible in the image?,1,1,Landsat30-AU-VQA-train
How many complete circular irrigated fields can be seen in the image?,3,1,Landsat30-AU-VQA-train
What is the predominant land cover type in the central part of the image?,1,1,Landsat30-AU-VQA-train
Which of the following features is present in the centre of the image?,1,1,Landsat30-AU-VQA-train
How many winding trails or paths are clearly visible in the image?,1,1,Landsat30-AU-VQA-train
How many large agricultural fields are visible in the image?,1,1,Landsat30-AU-VQA-train
What is the spatial relation between cultivated fields and dense vegetation in the image?,1,1,Landsat30-AU-VQA-train
How many distinct open pit mine areas are visible in the image?,2,1,Landsat30-AU-VQA-train
What is the spatial relationship between the water body and the islands?,1,1,Landsat30-AU-VQA-train
What is the spatial relationship between the river corridor and the natural bare surfaces?,1,1,Landsat30-AU-VQA-train
Which type of scene is primarily depicted in this image?,2,1,Landsat30-AU-VQA-train
How many distinct water channels or streams can be identified in the image?,1,1,Landsat30-AU-VQA-train
How many distinct settlements can be observed in the image?,1,1,Landsat30-AU-VQA-train
What is the spatial relationship between the coastline and the ocean in the image?,4,1,Landsat30-AU-VQA-train
How many distinct stadium can be observed in the image?,1,1,Landsat30-AU-VQA-train
What is the spatial relationship between the vegetated areas and the bare ground in the image?,1,1,Landsat30-AU-VQA-train
Which of the following objects is visible along the edge of the landmass in the image?,1,1,Landsat30-AU-VQA-train
How many distinct urban patches are visible in the image?,1,1,Landsat30-AU-VQA-train
What is the spatial relation between the river and the forest in the image?,2,1,Landsat30-AU-VQA-train
Which of the following objects is clearly visible in the upper right corner of the image?,1,1,Landsat30-AU-VQA-train
Where is the artificial surface area located relative to the bare ground in the image?,1,1,Landsat30-AU-VQA-train
What is the spatial relationship between the cultivated fields and the natural vegetation in the image?,4,1,Landsat30-AU-VQA-train
Which of the following objects can be observed along the left edge of the image?,1,1,Landsat30-AU-VQA-train
What is the spatial relation between the bare surface and the vegetated area in the image?,1,1,Landsat30-AU-VQA-train
How many open-pit mines are visible in the image?,1,1,Landsat30-AU-VQA-train
What is the spatial relationship between the cultivated cropland and the river in the image?,1,1,Landsat30-AU-VQA-train
What is the relationship between the river and the cultivated terrestrial vegetation?,1,1,Landsat30-AU-VQA-train
How many distinct large water bodies (such as lakes) are visible in the upper right corner of the image?,1,1,Landsat30-AU-VQA-train
What is the spatial relationship between the urban fabric and the surrounding natural terrestrial vegetation?,1,1,Landsat30-AU-VQA-train
How many major roads can be observed in the image?,1,1,Landsat30-AU-VQA-train
Which type of land cover is most prominent in the upper half of the image?,1,1,Landsat30-AU-VQA-train
How many sports fields can be identified in the image?,1,1,Landsat30-AU-VQA-train
Which of the following objects is visible in the lower half of the image?,1,1,Landsat30-AU-VQA-train
How many distinct cities can be identified in the image?,1,1,Landsat30-AU-VQA-train
How many major road corridors can be seen in the image?,1,1,Landsat30-AU-VQA-train
What is the spatial relation between the small town and the road corridor?,1,1,Landsat30-AU-VQA-train
What is the relationship between the water and the land in the image?,1,1,Landsat30-AU-VQA-train
Where is the circular crater-like depression located relative to the top left corner of the image?,1,1,Landsat30-AU-VQA-train
Where is the city located in relation to the cultivated terrestrial vegetation?,1,1,Landsat30-AU-VQA-train
How many distinct urban areas are visible in the bottom right part of the image?,1,1,Landsat30-AU-VQA-train
What is the spatial relationship between the sand or sediment deposits and the natural terrestrial vegetation?,1,1,Landsat30-AU-VQA-train
What is the dominant type of land cover in the central and lower parts of the image?,1,1,Landsat30-AU-VQA-train
What is the spatial relation between the river and the cultivated land in the image?,1,1,Landsat30-AU-VQA-train
Which of the following features is clearly visible in the image?,3,1,Landsat30-AU-VQA-train
What is the spatial relationship between the coastline and the dense vegetation in the image?,1,1,Landsat30-AU-VQA-train
What is the spatial relationship between the cropland and the coastal area in the image?,1,1,Landsat30-AU-VQA-train
How is the bare surface distributed in relation to other land cover types in the image?,1,1,Landsat30-AU-VQA-train
How many distinct water bodies (excluding rivers) are visible in the image?,4,1,Landsat30-AU-VQA-train
Which of the following objects is clearly visible in the upper left corner of the image?,1,1,Landsat30-AU-VQA-train
How many meandering rivers can be observed in the image?,1,1,Landsat30-AU-VQA-train
What is the spatial relationship between the natural bare surfaces and the natural terrestrial vegetation in the image?,2,1,Landsat30-AU-VQA-train
What is the spatial relationship between the cropland fields and the vegetated areas in the image?,1,1,Landsat30-AU-VQA-train
What type of environment is predominantly shown in the image?,1,1,Landsat30-AU-VQA-train
Where are the cropland fields primarily located in relation to the water body?,1,1,Landsat30-AU-VQA-train
What is the spatial relationship between the river and the circular irrigated fields in the image?,1,1,Landsat30-AU-VQA-train
What is the spatial relationship between the cultivated vegetation and the bare surface?,1,1,Landsat30-AU-VQA-train
What is the spatial relation between the river and the cultivated cropland?,1,1,Landsat30-AU-VQA-train
How many distinct water patches or bodies are visible in the image?,1,1,Landsat30-AU-VQA-train
What is the spatial relationship between the roads and the fields in the image?,3,1,Landsat30-AU-VQA-train
Which of the following objects is present in the top right part of the image?,1,1,Landsat30-AU-VQA-train
How are the cropland parcels arranged in relation to each other?,1,1,Landsat30-AU-VQA-train
How many rivers or visible water channels are present in the image?,1,1,Landsat30-AU-VQA-train
What is the spatial relationship between the darker bands and the lighter bare ground?,1,1,Landsat30-AU-VQA-train
What is the dominant land cover type visible in the lower part of the image?,1,1,Landsat30-AU-VQA-train
Which type of landscape dominates the lower right portion of the image?,1,1,Landsat30-AU-VQA-train
How many distinct roads are visible in the upper side of the image?,1,1,Landsat30-AU-VQA-train
Which of the following objects from the list is clearly visible in the bottom left area of the image?,1,1,Landsat30-AU-VQA-train
What is the spatial relation between the circular road and the cropland fields?,1,1,Landsat30-AU-VQA-train
What is the spatial relationship between the bare surface and the roads in the image?,1,1,Landsat30-AU-VQA-train
What is the spatial relationship between the bare surface and the vegetation in the image?,2,1,Landsat30-AU-VQA-train
What is the spatial relationship between the cropland fields and the roads in the image?,1,1,Landsat30-AU-VQA-train
What type of environment is primarily depicted in this image?,1,1,Landsat30-AU-VQA-train
What is the spatial relationship between the water body and the bare surfaces in the image?,1,1,Landsat30-AU-VQA-train
What is the spatial relationship between the plots and the bare surface in the image?,1,1,Landsat30-AU-VQA-train
Which of the following objects is visible in the bottom part of the image?,3,1,Landsat30-AU-VQA-train
How many irrigated circles can be seen crossing the patchwork fields?,1,1,Landsat30-AU-VQA-train
What is the spatial relation between the cropland fields and the bare surfaces in the image?,2,1,Landsat30-AU-VQA-train
"What is the spatial relationship between the network of narrow, branching channels and the water body?",1,1,Landsat30-AU-VQA-train
How many distinct water bodies are visible in the left side of the image?,1,1,Landsat30-AU-VQA-train
How many distinct settlement are visible in the lower part of the image?,1,1,Landsat30-AU-VQA-train
What is the spatial relation between the large rectangular area and the circular irrigated fields?,1,1,Landsat30-AU-VQA-train
"How many distinct land cover zones (ocean, beach, vegetation, bare surface) can be visually identified from left to right?",1,1,Landsat30-AU-VQA-train
What is the spatial relationship between the green fields and the bare surfaces in the image?,1,1,Landsat30-AU-VQA-train
What is the spatial relation between the urban fabric area and the cropland fields?,1,1,Landsat30-AU-VQA-train
How many distinct water bodies (lakes) are visible in the image?,2,1,Landsat30-AU-VQA-train
How many distinct sandy flat areas are visible in the image?,1,1,Landsat30-AU-VQA-train
How many road corridors can be seen crossing the image?,1,1,Landsat30-AU-VQA-train
Which of the following objects is visible in the right half of the image?,1,1,Landsat30-AU-VQA-train
What is the spatial relationship between the field boundaries and the cropland fields?,1,1,Landsat30-AU-VQA-train
What is the spatial relationship between the cloud patches and the natural terrestrial vegetation?,1,1,Landsat30-AU-VQA-train
What is the spatial relationship between the natural bare surface and any river in the image?,1,1,Landsat30-AU-VQA-train
What is the spatial relationship between the road and the natural vegetation in the image?,2,1,Landsat30-AU-VQA-train
What is the spatial relation between the road corridor and the cultivated fields?,2,1,Landsat30-AU-VQA-train
How many distinct water bodies (such as rivers or lakes) can be seen in the image?,1,1,Landsat30-AU-VQA-train
What is the relationship between the cropland and the bare surfaces in the image?,1,1,Landsat30-AU-VQA-train
What is the spatial relationship between the cropland and the natural bare surfaces?,1,1,Landsat30-AU-VQA-train
Which of the following features is visible winding through the fields in the image?,1,1,Landsat30-AU-VQA-train
What is the spatial relation between the natural bare surface and natural terrestrial vegetation in the image?,1,1,Landsat30-AU-VQA-train
Which of the following objects is visible in the upper side of the image?,3,1,Landsat30-AU-VQA-train
What is the predominant land cover type in this bottom right part of the image?,1,1,Landsat30-AU-VQA-train
What is the spatial relation between the road corridor and the natural bare surface in the image?,1,1,Landsat30-AU-VQA-train
What is the spatial relationship between the cropland and the tidal estuary?,1,1,Landsat30-AU-VQA-train
What is the spatial relation between the road and the bare ground in the image?,1,1,Landsat30-AU-VQA-train
Which type of land cover best describes the majority of the scene in the image?,2,1,Landsat30-AU-VQA-train
What is the spatial relationship between the beach and the natural terrestrial vegetation in the image?,1,1,Landsat30-AU-VQA-train
What is the dominant land cover type visible in the center of the image?,1,1,Landsat30-AU-VQA-train
What is the spatial relationship between cropland fields and bare soil patches in the image?,1,1,Landsat30-AU-VQA-train
How many distinct rivers or river segments are visible in the image?,1,1,Landsat30-AU-VQA-train
How many distinct wind turbines can be identified in the image?,1,1,Landsat30-AU-VQA-train
What is the spatial relation between the bare surfaces and any visible tracks or paths in the image?,1,1,Landsat30-AU-VQA-train
Which of the following objects is visible in the bottom right corner of the image?,5,1,Landsat30-AU-VQA-train
How many distinct water bodies can be observed in the right part of the image?,1,1,Landsat30-AU-VQA-train
What is the spatial relationship between the cropland fields and the access paths in the image?,1,1,Landsat30-AU-VQA-train
What is the spatial relation between the forested land and the urban area in the image?,1,1,Landsat30-AU-VQA-train
What is the spatial relationship between the road corridors and the urban area in the image?,1,1,Landsat30-AU-VQA-train
Which of the following objects from the list is not visible in the image?,1,1,Landsat30-AU-VQA-train
Which of the following objects is visible in the lower left corner of the image?,2,1,Landsat30-AU-VQA-train
What is the spatial relation between the vegetation and the river in the image?,1,1,Landsat30-AU-VQA-train
What is the spatial relationship between the river and the natural vegetation in the image?,3,1,Landsat30-AU-VQA-train
Which of the following objects can be seen in the centre area of the image?,1,1,Landsat30-AU-VQA-train
What is the spatial relationship between the forest and the cropland in the image?,1,1,Landsat30-AU-VQA-train
What is the spatial relationship between the tidal channels and the coastline?,1,1,Landsat30-AU-VQA-train
How many distinct plots of land are visible in the image?,1,1,Landsat30-AU-VQA-train
Which best describes the main land cover in this image?,1,1,Landsat30-AU-VQA-train
How many rivers or creeks are visible in the image?,1,1,Landsat30-AU-VQA-train
Which of the following objects is visible as a thin line crossing the area?,1,1,Landsat30-AU-VQA-train
What is the spatial relationship between the river and the cultivated terrestrial vegetation?,2,1,Landsat30-AU-VQA-train
Which of the following objects is visible in the bottom left corner of the image?,5,1,Landsat30-AU-VQA-train
What is the relationship between the field boundaries and the bare soil in the image?,1,1,Landsat30-AU-VQA-train
What is the spatial relation between cultivated fields and natural vegetation in the image?,1,1,Landsat30-AU-VQA-train
How many bridges are visible in the image?,1,1,Landsat30-AU-VQA-train
How many rivers can be observed in the image?,4,1,Landsat30-AU-VQA-train
How many distinct ponds or lakes can be identified in the image?,4,1,Landsat30-AU-VQA-train
What is the spatial relationship between the artificial surfaces and the water body in the upper right of the image?,1,1,Landsat30-AU-VQA-train
How many irrigated circles are visible in the image?,1,1,Landsat30-AU-VQA-train
How many distinct areas of bare surfaces can be observed in the image?,1,1,Landsat30-AU-VQA-train
What is the spatial relationship between the vegetated patches and the bare ground in the image?,1,1,Landsat30-AU-VQA-train
What is the spatial relationship between the river and the agricultural plots?,1,1,Landsat30-AU-VQA-train
Which type of land cover is most prominent in the central and upper part of the image?,1,1,Landsat30-AU-VQA-train
Which of the following objects can be seen in the lower part of the image?,1,1,Landsat30-AU-VQA-train
What is the spatial relation between the sandbar and the water in the image?,1,1,Landsat30-AU-VQA-train
"What is the spatial relation between the dense forest and the lighter, patchy areas in the image?",1,1,Landsat30-AU-VQA-train
Which land cover type is most dominant in the image?,1,1,Landsat30-AU-VQA-train
How many distinct beaches can be observed along the coastline in the image?,1,1,Landsat30-AU-VQA-train
Which of the following objects is visible in the lower left part of the image?,2,1,Landsat30-AU-VQA-train
Which of the following features is visible and meandering through the center of the image?,1,1,Landsat30-AU-VQA-train
Which of the following objects is clearly visible along the right edge of the image?,1,1,Landsat30-AU-VQA-train
How many towns can be seen crossing the image?,1,1,Landsat30-AU-VQA-train
What type of scene is depicted in this image?,3,1,Landsat30-AU-VQA-train
What is the dominant land cover type in the central area of the image?,1,1,Landsat30-AU-VQA-train
Where is the bare surface located in relation to the vegetation?,1,1,Landsat30-AU-VQA-train
What is the spatial relationship between the river and the cropland?,4,1,Landsat30-AU-VQA-train
How many islets are visible in the image?,1,1,Landsat30-AU-VQA-train
Which type of landscape is most prominently shown in this image?,1,1,Landsat30-AU-VQA-train
What is the spatial relationship between the burn scar and the cultivated fields?,1,1,Landsat30-AU-VQA-train
How many distinct circular fields can be observed in the image?,1,1,Landsat30-AU-VQA-train
What type of land-cover is most prominent in the image?,1,1,Landsat30-AU-VQA-train
How many distinct water bodies (lakes or ponds) can be seen in the image?,2,1,Landsat30-AU-VQA-train
What is the spatial relationship between the sandy surfaces and the water body in the image?,1,1,Landsat30-AU-VQA-train
Which type of land cover dominates the right side of the image?,3,1,Landsat30-AU-VQA-train
What is the spatial relationship between the water body and the cultivated terrestrial vegetation in the image?,1,1,Landsat30-AU-VQA-train
How many patches of clouds are visible in the image?,1,1,Landsat30-AU-VQA-train
What is the spatial relationship between bare ground and natural vegetation in the image?,1,1,Landsat30-AU-VQA-train
What is the spatial relationship between the cultivated vegetation and the coastline in the image?,1,1,Landsat30-AU-VQA-train
What is the spatial relationship between the natural terrestrial vegetation and the river/stream in the image?,1,1,Landsat30-AU-VQA-train
What is the spatial relation between the road corridors and the cropland?,1,1,Landsat30-AU-VQA-train
How many distinct open pit mine zones can be observed in the image?,1,1,Landsat30-AU-VQA-train
How many distinct green fields are visible in the bottom right part of the image?,1,1,Landsat30-AU-VQA-train
Where is the open pit mine located in relation to the cropland?,1,1,Landsat30-AU-VQA-train
How many distinct river features are visible in the image?,2,1,Landsat30-AU-VQA-train
What is the spatial relationship between the river and the water body in the image?,1,1,Landsat30-AU-VQA-train
What is the spatial relation between the cropland and the forested areas?,1,1,Landsat30-AU-VQA-train
How many distinct cloud shadows can be observed in the image?,2,1,Landsat30-AU-VQA-train
What is the spatial relationship between bare surfaces and terrestrial vegetation in the image?,1,1,Landsat30-AU-VQA-train
What is the spatial relationship between the bare surface and the rock outcrops?,1,1,Landsat30-AU-VQA-train
Which type of land cover predominantly appears in this image?,1,1,Landsat30-AU-VQA-train
How many distinct oxbow bends are visible in the river within the image?,1,1,Landsat30-AU-VQA-train
How many distinct airstrips can be observed in the image?,1,1,Landsat30-AU-VQA-train
What is the spatial relationship between the cropland and the forested areas in the image?,1,1,Landsat30-AU-VQA-train
What is the spatial relationship between the water body and the surrounding bare surface?,1,1,Landsat30-AU-VQA-train
How many main watercourses (such as rivers or tributaries) are visible in the image?,1,1,Landsat30-AU-VQA-train
How many distinct roads can be seen in the image?,2,1,Landsat30-AU-VQA-train
How many distinct golf courses can be observed crossing the image?,1,1,Landsat30-AU-VQA-train
Which of the following is visible in the bottom area of the image?,1,1,Landsat30-AU-VQA-train
How many distinct lakes can be observed in the image?,1,1,Landsat30-AU-VQA-train
What is the spatial relationship between the cropland fields and the small town in the image?,1,1,Landsat30-AU-VQA-train
What is the spatial relationship between the cultivated plots and the natural vegetation?,1,1,Landsat30-AU-VQA-train
How many clouds can be observed in the image?,2,1,Landsat30-AU-VQA-train
Which of the following objects can be seen in the bottom right part of the image?,2,1,Landsat30-AU-VQA-train
How many distinct patches of bare or recently tilled fields can be seen in the image?,1,1,Landsat30-AU-VQA-train
How many distinct watercourses (rivers or streams) can be observed in the image?,1,1,Landsat30-AU-VQA-train
How many distinct landmasses are visible in the bottom part of the image?,1,1,Landsat30-AU-VQA-train
Which of the following is present in the image?,8,1,Landsat30-AU-VQA-train
How many major stream or river channels are visible in the image?,1,1,Landsat30-AU-VQA-train
Which land cover type dominates the upper part of the image?,1,1,Landsat30-AU-VQA-train
What is the spatial relationship between the river and the bare soil in the image?,1,1,Landsat30-AU-VQA-train
What best describes the spatial relation of the visible surface features in the image?,1,1,Landsat30-AU-VQA-train
What is the spatial relationship between the cultivated fields and the patches of natural vegetation?,1,1,Landsat30-AU-VQA-train
What is the spatial relationship between the lake and the surrounding land?,1,1,Landsat30-AU-VQA-train
Which of the following objects is present in the bottom left part of the image?,1,1,Landsat30-AU-VQA-train
What is the spatial relation between the river and the bare surfaces?,3,1,Landsat30-AU-VQA-train
What is the spatial relation between the cultivated fields and the forest?,1,1,Landsat30-AU-VQA-train
What is the spatial relationship between the cultivated fields and the ocean?,1,1,Landsat30-AU-VQA-train
What is the relationship between the river and the surrounding vegetation in the image?,1,1,Landsat30-AU-VQA-train
What is the dominant land-cover type in the central and right part of the image?,1,1,Landsat30-AU-VQA-train
How many distinct water bodies (such as ponds) are visible in the bottom right section of the image?,1,1,Landsat30-AU-VQA-train
What is the spatial relationship between the water and the vegetation in the image?,1,1,Landsat30-AU-VQA-train
Which land cover type is most dominant in this image?,1,1,Landsat30-AU-VQA-train
What is the spatial relationship between the rivers and the cropland in the image?,1,1,Landsat30-AU-VQA-train
What is the dominant type of environment shown in the image?,2,1,Landsat30-AU-VQA-train
How many ponds or lakes can be observed in the image?,1,1,Landsat30-AU-VQA-train
How many distinct road segments can be seen in the image?,1,1,Landsat30-AU-VQA-train
Which of the following objects is clearly visible in the bottom left area of the image?,1,1,Landsat30-AU-VQA-train
What is the spatial relation between the sandy beach and the water?,1,1,Landsat30-AU-VQA-train
What is the spatial relation between the cultivated cropland and the natural terrestrial vegetation?,2,1,Landsat30-AU-VQA-train
What is the spatial relationship between the coastline and the water surface in the image?,1,1,Landsat30-AU-VQA-train
What is the spatial relation between the river and the irrigated fields in the image?,1,1,Landsat30-AU-VQA-train
Which of the following objects can be seen winding through the image from top to bottom?,1,1,Landsat30-AU-VQA-train
What is the spatial relationship between the bare soil and the cultivated plots in the image?,1,1,Landsat30-AU-VQA-train
Which type of land cover is most prominently shown in this image?,1,1,Landsat30-AU-VQA-train
How many towns are visible crossing the image?,3,1,Landsat30-AU-VQA-train
What is the spatial relation between the cultivated fields and the natural terrain in the image?,1,1,Landsat30-AU-VQA-train
How many lakes can be seen in the image?,2,1,Landsat30-AU-VQA-train
What is the spatial relationship between the ocean and the landmass in the image?,2,1,Landsat30-AU-VQA-train
Which of the following objects is clearly visible along the right side of the image?,2,1,Landsat30-AU-VQA-train
What is the spatial relation between the small water body and the surrounding bare surfaces?,1,1,Landsat30-AU-VQA-train
Which of the following objects is visible in the upper left area of the image?,1,1,Landsat30-AU-VQA-train
How many highways are clearly visible crossing the fields in the image?,1,1,Landsat30-AU-VQA-train
What is the spatial relation between the island and the beach in the image?,1,1,Landsat30-AU-VQA-train
What is the spatial relationship between the road corridors and the cropland fields?,2,1,Landsat30-AU-VQA-train
Which of the following features can be observed in the right side of the image?,1,1,Landsat30-AU-VQA-train
What is the spatial relationship between the agricultural fields and the bare surfaces?,1,1,Landsat30-AU-VQA-train
How many distinct rivers are visible crossing the image?,1,1,Landsat30-AU-VQA-train
How many distinct riverbeds can be identified in the image?,1,1,Landsat30-AU-VQA-train
What is the spatial relationship between the patchwork fields and the river in the image?,1,1,Landsat30-AU-VQA-train
What is the spatial relation between the river and the rectangular fields in the image?,1,1,Landsat30-AU-VQA-train
What is the spatial relationship between the water body and the urban fabric?,1,1,Landsat30-AU-VQA-train
What is the spatial relationship between the cultivated fields and the natural vegetation patches?,1,1,Landsat30-AU-VQA-train
What is the spatial relation between the cultivated fields and the coastline in the image?,1,1,Landsat30-AU-VQA-train
How many distinct roads can be identified in the left part of the image?,1,1,Landsat30-AU-VQA-train
What type of land cover is predominantly shown in this image?,6,1,Landsat30-AU-VQA-train
What is the spatial relation between the bare surface and the river in the image?,1,1,Landsat30-AU-VQA-train
How many racing club can be identified in the image?,1,1,Landsat30-AU-VQA-train
What is the spatial relationship between bare ground and natural bare surfaces in the image?,1,1,Landsat30-AU-VQA-train
How many distinct artificial facilities (such as large buildings or complexes) are visible in the image?,1,1,Landsat30-AU-VQA-train
What is the spatial relation between the bare surface and the river-like feature in the image?,1,1,Landsat30-AU-VQA-train
Which type of land cover is most dominant in the central and upper portions of the image?,1,1,Landsat30-AU-VQA-train
How are the areas of natural terrestrial vegetation distributed in the image?,1,1,Landsat30-AU-VQA-train
What type of environment is predominantly shown in this image?,1,1,Landsat30-AU-VQA-train
What is the relationship between the river and the cropland in the image?,2,1,Landsat30-AU-VQA-train
What is the dominant landscape type visible in this image?,1,1,Landsat30-AU-VQA-train
What is the spatial relation between the airstrip and the small town?,1,1,Landsat30-AU-VQA-train
Which feature is visible running through the center of the upper area of the image?,1,1,Landsat30-AU-VQA-train
What is the spatial relation between the open pit mine and the bare ground?,1,1,Landsat30-AU-VQA-train
How many distinct mining sites can be observed in the image?,2,1,Landsat30-AU-VQA-train
What type of land cover is primarily shown in this image?,2,1,Landsat30-AU-VQA-train
What is the spatial relationship between the road corridor and the natural bare surfaces in the image?,3,1,Landsat30-AU-VQA-train
How many distinct water bodies (including lakes and reservoirs) can be seen in the image?,1,1,Landsat30-AU-VQA-train
What is the spatial relationship between the bare surfaces and the natural vegetation in the image?,1,1,Landsat30-AU-VQA-train
What is the spatial relationship between the ponds and the cultivated fields?,1,1,Landsat30-AU-VQA-train
What is the spatial relationship between the bare surfaces and the natural terrestrial vegetation in the image?,1,1,Landsat30-AU-VQA-train
What type of land cover is primarily visible in the image?,2,1,Landsat30-AU-VQA-train
Which type of land cover best describes the main environment in this image?,1,1,Landsat30-AU-VQA-train
What is the spatial relationship between croplands and forests in the image?,1,1,Landsat30-AU-VQA-train
How many distinct roads can be seen crossing the image?,1,1,Landsat30-AU-VQA-train
What is the spatial relationship between the main channel and the bare surface in the image?,1,1,Landsat30-AU-VQA-train
What is the spatial relation between the roads and the cultivated fields in the image?,1,1,Landsat30-AU-VQA-train
How many distinct irrigated circular fields can be observed in the bottom right corner of the image?,1,1,Landsat30-AU-VQA-train
How many distinct water bodies (not including rivers) are visible in the image?,1,1,Landsat30-AU-VQA-train
What is the spatial relationship between the river and the bare ground?,2,1,Landsat30-AU-VQA-train
What is the spatial relation between the road corridors and the cropland fields in the image?,1,1,Landsat30-AU-VQA-train
What is the spatial relation between the road corridor and the bare ground in the image?,3,1,Landsat30-AU-VQA-train
What is the spatial relationship between cultivated fields and natural bare surfaces in the image?,2,1,Landsat30-AU-VQA-train
What is the spatial relationship between the vegetation and bare ground in the image?,1,1,Landsat30-AU-VQA-train
What is the spatial relation between the bare surface and the sparsely vegetated area in the image?,1,1,Landsat30-AU-VQA-train
What is the relationship between the agricultural fields and the forests in the image?,1,1,Landsat30-AU-VQA-train
Which type of land cover is predominantly visible in this image?,1,1,Landsat30-AU-VQA-train
What is the spatial relationship between the water body and the surrounding land?,3,1,Landsat30-AU-VQA-train
"How many distinct water-related features (such as lakes, rivers, or channels) are visible in the image?",1,1,Landsat30-AU-VQA-train
What is the spatial relation between the paths and the bare ground in the image?,1,1,Landsat30-AU-VQA-train
What is the spatial relation between the cropland fields and the tree rows in the image?,1,1,Landsat30-AU-VQA-train
How many distinct water bodies (including lakes and ponds) can be seen in the image?,1,1,Landsat30-AU-VQA-train
What is the spatial relationship between the river and the surrounding vegetated areas?,1,1,Landsat30-AU-VQA-train
How many main rivers are visible in the image?,1,1,Landsat30-AU-VQA-train
What is the spatial relation between the water body and the cropland fields in the image?,1,1,Landsat30-AU-VQA-train
What is the dominant land cover type in the majority of the image?,1,1,Landsat30-AU-VQA-train
What is the spatial relationship between the natural terrestrial vegetation and the cultivated fields?,1,1,Landsat30-AU-VQA-train
What is the spatial relationship between the cropland and natural vegetation in the image?,1,1,Landsat30-AU-VQA-train
What is the relationship between the cultivated fields and the road corridors in the image?,1,1,Landsat30-AU-VQA-train
How many distinct stream networks are visible in the image?,1,1,Landsat30-AU-VQA-train
What is the spatial relation between the road corridor and the bare land cover in the image?,1,1,Landsat30-AU-VQA-train
Which of the following objects can be seen in the lower left part of the image?,1,1,Landsat30-AU-VQA-train
How many piers or docks can be seen extending into the water?,1,1,Landsat30-AU-VQA-train
How many river features can be observed in the image?,1,1,Landsat30-AU-VQA-train
How many distinct agricultural clearings or fields can be identified in the image?,1,1,Landsat30-AU-VQA-train
Which type of landscape best describes the area shown in the image?,1,1,Landsat30-AU-VQA-train
What is the spatial relationship between the water network and the bare surface?,1,1,Landsat30-AU-VQA-train
What is the spatial relationship between the road corridors and the cultivated fields?,1,1,Landsat30-AU-VQA-train
How many roads visible in the image?,1,1,Landsat30-AU-VQA-train
How many small towns or settlements are clearly visible in the image?,1,1,Landsat30-AU-VQA-train
What is the spatial relationship between the river and the vegetation in the image?,2,1,Landsat30-AU-VQA-train
How many major roads or tracks can be seen crossing the image?,1,1,Landsat30-AU-VQA-train
What is the spatial relationship between the bare surface and the surrounding vegetation?,1,1,Landsat30-AU-VQA-train
What is the spatial relation between the artificial surface and the surrounding vegetation?,1,1,Landsat30-AU-VQA-train
What is the spatial relation between the roads and the bare surface in the image?,1,1,Landsat30-AU-VQA-train
What is the spatial relationship between the wetland zone and the cultivated terrestrial vegetation in the image?,1,1,Landsat30-AU-VQA-train
How many distinct rwater bodies can be observed in the image?,1,1,Landsat30-AU-VQA-train
Approximately how many distinct ponds or lakes can be seen in the image?,1,1,Landsat30-AU-VQA-train
What is the spatial relation between the bare ground and the river in the image?,1,1,Landsat30-AU-VQA-train
What is the spatial relation between the bare surface and bare land in the image?,1,1,Landsat30-AU-VQA-train
How many distinct cultivated fields can be observed in the image?,1,1,Landsat30-AU-VQA-train
What is the spatial relation between the road corridor and the cultivated fields in the image?,2,1,Landsat30-AU-VQA-train
How many distinct river corridors can be seen in the image?,1,1,Landsat30-AU-VQA-train
What is the spatial relation between the cultivated terrestrial vegetation and the natural bare surfaces?,1,1,Landsat30-AU-VQA-train
What is the spatial relation between the river and the cropland in the image?,1,1,Landsat30-AU-VQA-train
What is the spatial relationship between the forested area and the cropland?,1,1,Landsat30-AU-VQA-train
What is the spatial relationship between the vegetated land and the ocean in the image?,1,1,Landsat30-AU-VQA-train
What is the spatial relationship between the cultivated terrestrial vegetation and the cropland in the image?,1,1,Landsat30-AU-VQA-train
Which of the following objects can be observed in the centre of the image?,2,1,Landsat30-AU-VQA-train
Which of the following objects is not present in the image?,1,1,Landsat30-AU-VQA-train
What is the spatial relation between the natural bare surface and the dried-up riverbed in the image?,1,1,Landsat30-AU-VQA-train
What is the spatial relationship between the sandy beach and the water in the image?,1,1,Landsat30-AU-VQA-train
How many distinct river sections can be observed in the image?,1,1,Landsat30-AU-VQA-train
What is the dominant land cover type visible in the upper right of the image?,1,1,Landsat30-AU-VQA-train
What is the spatial relation between the linear tracks or paths and the natural terrestrial vegetation?,1,1,Landsat30-AU-VQA-train
What is the spatial relationship between the road and the channels in the image?,1,1,Landsat30-AU-VQA-train
How many complete green irrigated circles can be observed running through the cropland?,1,1,Landsat30-AU-VQA-train
What is the spatial relation between the cultivated land and the natural vegetation in the image?,1,1,Landsat30-AU-VQA-train
What is the spatial relation between the linear features and the bare surface?,1,1,Landsat30-AU-VQA-train
What is the spatial relationship between the river channels and the bare ground in the image?,1,1,Landsat30-AU-VQA-train
How many distinct linear tracks or roads are visible in the image?,1,1,Landsat30-AU-VQA-train
How many distinct white patches are visible in the image?,1,1,Landsat30-AU-VQA-train
How many distinct settlements are visible in the image?,2,1,Landsat30-AU-VQA-train
Which type of landscape best describes the overall environment in the image?,1,1,Landsat30-AU-VQA-train
How many distinct water bodies or ponds are visible in the image?,3,1,Landsat30-AU-VQA-train
How many major river systems can be seen in the image?,1,1,Landsat30-AU-VQA-train
Which of the following objects is visible along the lower edge of the image?,1,1,Landsat30-AU-VQA-train
What is the spatial relationship between the road and the terrestrial vegetation in the image?,1,1,Landsat30-AU-VQA-train
Which best describes the main land cover types in this image?,1,1,Landsat30-AU-VQA-train
What is the spatial relationship between the road corridor and the bare ground?,2,1,Landsat30-AU-VQA-train
What is the spatial relationship between the road corridors and the mining areas?,1,1,Landsat30-AU-VQA-train
How many rivers or streams can be observed in the image?,1,1,Landsat30-AU-VQA-train
How many distinct river branches can be observed in the image?,1,1,Landsat30-AU-VQA-train
What is the spatial relationship between the coastline and the sandy strip in the image?,1,1,Landsat30-AU-VQA-train
What is the spatial relationship between the circular fields and the rectangular fields?,1,1,Landsat30-AU-VQA-train
Which of the following objects is visible in the right part of the image?,2,1,Landsat30-AU-VQA-train
What is the spatial relationship between the open pit mine and the green fields?,1,1,Landsat30-AU-VQA-train
How many circular green irrigated fields can be seen in the image?,1,1,Landsat30-AU-VQA-train
What is the spatial relation between the river channels and the bare ground in the image?,1,1,Landsat30-AU-VQA-train
What is the spatial relationship between the cropland fields and the small town?,1,1,Landsat30-AU-VQA-train
What is the spatial relation between the agricultural fields and the water bodies in the image?,1,1,Landsat30-AU-VQA-train
How many distinct twons are clearly visible in the image?,1,1,Landsat30-AU-VQA-train
What is the spatial relationship between the river and the circular green irrigated field?,1,1,Landsat30-AU-VQA-train
What is the spatial relationship between the small town and the road corridor?,1,1,Landsat30-AU-VQA-train
How many roads can be clearly seen crossing the image?,1,1,Landsat30-AU-VQA-train
How many road corridors can be identified crossing the cropland plots in the image?,1,1,Landsat30-AU-VQA-train
What is the spatial relation between the cropland and the lakes in the image?,1,1,Landsat30-AU-VQA-train
How many main drainage lines (such as streams or tributaries) are visible in the image?,1,1,Landsat30-AU-VQA-train
What is the spatial relationship between the cropland and the coastal waters in this image?,1,1,Landsat30-AU-VQA-train
How many distinct water bodies or ponds or rivers can be identified in the image?,1,1,Landsat30-AU-VQA-train
How many islands can be seen in the image?,1,1,Landsat30-AU-VQA-train
How many distinct patches of cultivated terrestrial vegetation are visible in the image?,2,1,Landsat30-AU-VQA-train
What is the spatial relationship between the cropland and the natural terrestrial vegetation in the image?,3,1,Landsat30-AU-VQA-train
What is the spatial relationship between the fields and the road corridor in the image?,1,1,Landsat30-AU-VQA-train
Where is the river located in relation to the majority of the bare ground?,1,1,Landsat30-AU-VQA-train
Which of the following features can be seen in the bottom left part of the image?,1,1,Landsat30-AU-VQA-train
What is the spatial relationship between the sediment plume and the delta in the image?,1,1,Landsat30-AU-VQA-train
What is the spatial relation between the bare ground and the tracks in the image?,1,1,Landsat30-AU-VQA-train
How many distinct bare ground patches can be identified in the image?,1,1,Landsat30-AU-VQA-train
How many small water bodies (such as ponds) are visible in the image?,1,1,Landsat30-AU-VQA-train
What is the spatial relation between the cultivated fields and the access tracks?,1,1,Landsat30-AU-VQA-train
Which of the following objects is visible in the top right corn of the image?,1,1,Landsat30-AU-VQA-train
What type of land cover predominantly appears in the upper left part of the image?,1,1,Landsat30-AU-VQA-train
What is the spatial relation between the cropland and the road corridors in the image?,2,1,Landsat30-AU-VQA-train
Which of the following features can be seen running through the center of the image?,1,1,Landsat30-AU-VQA-train
Which type of land cover is predominantly shown in the image?,1,1,Landsat30-AU-VQA-train
How are the roads or paths arranged in relation to the fields?,1,1,Landsat30-AU-VQA-train
What is the spatial relationship between the meandering river and the natural terrestrial vegetation?,1,1,Landsat30-AU-VQA-train
Which of the following features can be seen in the bottom left area of the image?,2,1,Landsat30-AU-VQA-train
How many distinct lakes or water bodies can be identified in the image?,1,1,Landsat30-AU-VQA-train
What is the spatial relationship between natural bare surface and cultivated terrestrial vegetation in this image?,1,1,Landsat30-AU-VQA-train
What is the spatial relationship between the dam and the patchwork fields?,1,1,Landsat30-AU-VQA-train
Which type of landscape best describes the scene in the image?,4,1,Landsat30-AU-VQA-train
What is the spatial relationship between the ocean and the natural bare surfaces in the image?,1,1,Landsat30-AU-VQA-train
What is the spatial relation between the road corridors and the vegetated areas?,1,1,Landsat30-AU-VQA-train
How many distinct cloud pathces are visible in the image?,1,1,Landsat30-AU-VQA-train
How many distinct bridges can be observed in the image?,1,1,Landsat30-AU-VQA-train
How many distinct patches of dense forest are visible in the centre of the image?,1,1,Landsat30-AU-VQA-train
How many distinct river or stream channels can be observed in the image?,1,1,Landsat30-AU-VQA-train
What is the spatial relation between the urban areas and the cropland in the image?,1,1,Landsat30-AU-VQA-train
What is the spatial relation between the streams and the natural terrestrial vegetation in the image?,1,1,Landsat30-AU-VQA-train
How many distinct settlement clusters or towns can be seen in the image?,1,1,Landsat30-AU-VQA-train
What is the spatial relationship between the bare surface and the river in the image?,2,1,Landsat30-AU-VQA-train
What is the spatial relationship between the cultivated fields and the dense forest?,1,1,Landsat30-AU-VQA-train
What is the spatial relation between the ocean and the beach in the image?,1,1,Landsat30-AU-VQA-train
Wshat is the spatial relation between the river and the cropland fields?,1,1,Landsat30-AU-VQA-train
What is the spatial relationship between the cultivated fields and the forested area?,1,1,Landsat30-AU-VQA-train
What is the spatial relationship between the bare surfaces and vegetated surfaces in the image?,1,1,Landsat30-AU-VQA-train
What is the predominant land cover type in the central area of the image?,2,1,Landsat30-AU-VQA-train
What is the spatial relation between the urban fabric and the bare ground?,1,1,Landsat30-AU-VQA-train
"How many distinct water bodies, including rivers, are visible in the image?",1,1,Landsat30-AU-VQA-train
What is the spatial relation between the road corridors and the natural terrestrial vegetation?,1,1,Landsat30-AU-VQA-train
How many major watercourses (such as rivers or tributaries) can be seen in the image?,1,1,Landsat30-AU-VQA-train
What is the spatial relation between the road corridor and the bare surface?,1,1,Landsat30-AU-VQA-train
What is the predominant land cover type in the right half of the image?,1,1,Landsat30-AU-VQA-train
What is the spatial relationship between the cultivated cropland and the bare ground in the image?,1,1,Landsat30-AU-VQA-train
How many major water bodies (rivers or channels) can be identified in the image?,1,1,Landsat30-AU-VQA-train
What is the spatial relationship between the road corridor and the agricultural fields?,1,1,Landsat30-AU-VQA-train
How many major tributary streams can be seen connecting to the main river in the image?,1,1,Landsat30-AU-VQA-train
How many distinct buildings can be identified in the image?,1,1,Landsat30-AU-VQA-train
Which of the following objects is visible in the bottom side of the image?,3,1,Landsat30-AU-VQA-train
How many distinct cleared land areas can be seen in the image?,1,1,Landsat30-AU-VQA-train
How many ponds or water storages can be observed in the image?,1,1,Landsat30-AU-VQA-train
What is the spatial relationship between the road corridors and the bare surface?,1,1,Landsat30-AU-VQA-train
Which best describes the main land cover type in this image?,2,1,Landsat30-AU-VQA-train
What is the primary land cover type visible in the central part of the image?,1,1,Landsat30-AU-VQA-train
What is the spatial relation between the wetlands and the bare ground in the image?,1,1,Landsat30-AU-VQA-train
How many open pit mines are visible in the top right corner of the image?,1,1,Landsat30-AU-VQA-train
Which type of land cover dominates the lower part of the image?,1,1,Landsat30-AU-VQA-train
Which of the following features can be seen winding through the image?,1,1,Landsat30-AU-VQA-train
What is the primary type of land cover depicted in the image?,1,1,Landsat30-AU-VQA-train
Which type of landscape best describes the environment in this image?,2,1,Landsat30-AU-VQA-train
What is the spatial relationship between the cropland and natural terrestrial vegetation in the image?,1,1,Landsat30-AU-VQA-train
What is the spatial relationship between the cropland and the artificial surfaces in the image?,1,1,Landsat30-AU-VQA-train
Which of the following is visible in the bottom right corner of the image?,1,1,Landsat30-AU-VQA-train
What is the spatial relation between the cultivated fields and the bare land in the image?,1,1,Landsat30-AU-VQA-train
How many clusters of clouds are visible in the image?,1,1,Landsat30-AU-VQA-train
How does the open pit mine appear in relation to the overall image?,1,1,Landsat30-AU-VQA-train
What is the spatial relationship between the cropland fields and the small water bodies in the image?,1,1,Landsat30-AU-VQA-train
What is the spatial relationship between the river and the irrigated fields in the image?,1,1,Landsat30-AU-VQA-train
What is the spatial relationship between the urban or artificial surface area and the coastline?,1,1,Landsat30-AU-VQA-train
How many racetracks can be identified in the image?,1,1,Landsat30-AU-VQA-train
Which of the following objects is clearly visible in the upper left part of the image?,1,1,Landsat30-AU-VQA-train
What is the spatial relationship between the cropland and the water bodies in the image?,3,1,Landsat30-AU-VQA-train
What is the spatial relation between the main road corridor and the small structure in the image?,1,1,Landsat30-AU-VQA-train
How many distinct mining areas are visible in the image?,1,1,Landsat30-AU-VQA-train
How many small water bodies can be identified in the image?,1,1,Landsat30-AU-VQA-train
What type of land cover is most dominant in this image?,4,1,Landsat30-AU-VQA-train
What is the spatial relationship between the coastline and the cropland?,1,1,Landsat30-AU-VQA-train
What is the spatial relationship between the drainage lines and the bare surface?,1,1,Landsat30-AU-VQA-train
What is the spatial relationship between cultivated fields and bare ground in the image?,1,1,Landsat30-AU-VQA-train
How many distinct patches of clouds are visible in the bottom left part of the image?,1,1,Landsat30-AU-VQA-train
What is the relationship between the bare ground and natural bare surfaces in the image?,1,1,Landsat30-AU-VQA-train
How many distinct roads can be identified crossing the image?,1,1,Landsat30-AU-VQA-train
What is the spatial relation between the dark vegetation patch and the agricultural fields?,1,1,Landsat30-AU-VQA-train
What is the spatial relationship between the bare ground and the ocean?,1,1,Landsat30-AU-VQA-train
What is the spatial relation between the river and the cultivated fields?,4,1,Landsat30-AU-VQA-train
What is the spatial relation between the coastline and the vegetation in the image?,1,1,Landsat30-AU-VQA-train
How many racetrack can be observed in the image?,1,1,Landsat30-AU-VQA-train
How many distinct urban clusters can be seen in the image?,1,1,Landsat30-AU-VQA-train
Which of the following features can be seen in the centre part of the image?,1,1,Landsat30-AU-VQA-train
What is the spatial relation between the cropland and the natural vegetation in the image?,2,1,Landsat30-AU-VQA-train
What is the spatial relationship between the urban area and the surrounding fields?,1,1,Landsat30-AU-VQA-train
How many farm houses can be observed in the image?,1,1,Landsat30-AU-VQA-train
What is the spatial relation between the road corridor and the small town in the image?,1,1,Landsat30-AU-VQA-train
What is the spatial relation between the rectangular fields and the road corridors visible in the image?,1,1,Landsat30-AU-VQA-train
What is the spatial relation between the bare ground and the stream in the image?,1,1,Landsat30-AU-VQA-train
What is the spatial relationship between the natural bare surfaces and the patches of natural terrestrial vegetation?,1,1,Landsat30-AU-VQA-train
How many distinct road corridors are visible in the right part of the image?,1,1,Landsat30-AU-VQA-train
What is the spatial relation between the cropland fields and the urban fabric in the image?,1,1,Landsat30-AU-VQA-train
What is the spatial relationship between the road corridor and the rectangular fields?,1,1,Landsat30-AU-VQA-train
How many cloud shadows are visible in the lower part of the image?,1,1,Landsat30-AU-VQA-train
What is the spatial relation between the mining pits and the river?,1,1,Landsat30-AU-VQA-train
What is the spatial relationship between cropland fields and bare ground in the image?,1,1,Landsat30-AU-VQA-train
What is the spatial relationship between the urban areas and the cropland in the image?,1,1,Landsat30-AU-VQA-train
How many major water bodies can be seen in the image?,1,1,Landsat30-AU-VQA-train
What is the spatial relation between the bare surfaces and any wetland in the image?,1,1,Landsat30-AU-VQA-train
What type of land cover is primarily shown in the image?,3,1,Landsat30-AU-VQA-train
What is the spatial relation between the road corridors and the cultivated terrestrial vegetation?,1,1,Landsat30-AU-VQA-train
How many towns are clearly visible in the image?,1,1,Landsat30-AU-VQA-train
What is the spatial relationship between the natural terrestrial vegetation and the river in the image?,1,1,Landsat30-AU-VQA-train
How many distinct clouds can be seen in the upper part of the image?,1,1,Landsat30-AU-VQA-train
What is the spatial relation between the road corridor and the open pit mine in the image?,1,1,Landsat30-AU-VQA-train
What is the spatial relationship between the cropland and the urban fabric in the image?,1,1,Landsat30-AU-VQA-train
What type of land cover best describes the environment in the image?,3,1,Landsat30-AU-VQA-train
How many distinct rivers are visible in the upper right corner of the image?,1,1,Landsat30-AU-VQA-train
Which type of land cover dominates the majority of the area in the image?,1,1,Landsat30-AU-VQA-train
What is the spatial relationship between the airstrip and the road corridor in the image?,1,1,Landsat30-AU-VQA-train
How are the cropland fields arranged in relation to the roads in the image?,1,1,Landsat30-AU-VQA-train
What is the dominant type of environment depicted in the image?,1,1,Landsat30-AU-VQA-train
How many oxbow lake can be seen in the image?,1,1,Landsat30-AU-VQA-train
What is the spatial relation between the coastline and the water in the image?,1,1,Landsat30-AU-VQA-train
How many distinct water bodies are visible in the bottom part of the image?,1,1,Landsat30-AU-VQA-train
How many distinct stream-like features can be observed in the image?,1,1,Landsat30-AU-VQA-train
Which of the following objects can be seen in the lower right corner of the image?,1,1,Landsat30-AU-VQA-train
How many waterbodies can be identified in the image?,1,1,Landsat30-AU-VQA-train
What is the relationship between the road corridor and the cultivated fields?,1,1,Landsat30-AU-VQA-train
What is the spatial relationship between the fields and the bare surfaces?,1,1,Landsat30-AU-VQA-train
What is the spatial relationship between the water body and the surrounding bare land?,1,1,Landsat30-AU-VQA-train
What is the spatial relationship between the bare surface and the pond in the image?,1,1,Landsat30-AU-VQA-train
How many major water bodies (rivers) are visible in the image?,1,1,Landsat30-AU-VQA-train
What is the spatial relationship between the river and the surrounding vegetation in the image?,1,1,Landsat30-AU-VQA-train
Which of the following objects can be seen in the bottom of the image?,1,1,Landsat30-AU-VQA-train
How many quarries are visible in the image?,1,1,Landsat30-AU-VQA-train
What is the spatial relationship between the cultivated fields and the road corridors?,2,1,Landsat30-AU-VQA-train
How many distinct road corridors or linear tracks are visible in the image?,1,1,Landsat30-AU-VQA-train
What is the spatial relation between the natural bare surfaces and the patches of natural terrestrial vegetation?,1,1,Landsat30-AU-VQA-train
How many linear clearings are visible crossing through the forested area?,1,1,Landsat30-AU-VQA-train
What is the spatial relationship between the bare ground and the lighter bare surface area?,1,1,Landsat30-AU-VQA-train
What is the spatial relation between the town and the surrounding land?,1,1,Landsat30-AU-VQA-train
What is the spatial relation between the bright green fields and the road corridors in the image?,1,1,Landsat30-AU-VQA-train
How many distinct water bodies (rivers or ponds) are visible in the image?,1,1,Landsat30-AU-VQA-train
What is the spatial relation between the coastline and the open water in the image?,1,1,Landsat30-AU-VQA-train
What is the spatial relationship between the river and the bare surfaces?,2,1,Landsat30-AU-VQA-train
What is the spatial relationship between the river and the road corridor?,1,1,Landsat30-AU-VQA-train
What is the spatial relation between the cropland and the dense natural vegetation in the image?,1,1,Landsat30-AU-VQA-train
What is the spatial relationship between the river and the wetland in the image?,1,1,Landsat30-AU-VQA-train
What is the spatial relationship between the urban area and the coastline in the image?,1,1,Landsat30-AU-VQA-train
How many distinct spoil heaps can be identified in the image?,1,1,Landsat30-AU-VQA-train
What is the dominant land cover type shown in this image?,1,1,Landsat30-AU-VQA-train
What is the spatial relationship between the ocean and the bare surface in the image?,1,1,Landsat30-AU-VQA-train
What is the spatial relation between the natural bare surfaces and any visible vegetation in the image?,1,1,Landsat30-AU-VQA-train
How many distinct roads are visible in the upper left part of the image?,1,1,Landsat30-AU-VQA-train
What is the spatial relationship between the urban area and the fields in the image?,1,1,Landsat30-AU-VQA-train
How many main river channels can be seen in the image?,1,1,Landsat30-AU-VQA-train
How many distinct cropland patches can be identified in the image?,1,1,Landsat30-AU-VQA-train
What is the spatial relationship between the road and the river in the image?,1,1,Landsat30-AU-VQA-train
What is the spatial relationship between the natural bare surfaces and bare ground in the image?,1,1,Landsat30-AU-VQA-train
How many distinct airports are visible in the image?,3,1,Landsat30-AU-VQA-train
How many distinct large water bodies (lakes or ponds) are visible in the image?,1,1,Landsat30-AU-VQA-train
What is the spatial relation between the road and the river in the image?,1,1,Landsat30-AU-VQA-train
How many distinct cropland field patches are visible in the image?,1,1,Landsat30-AU-VQA-train
Which of the following objects from the list is clearly visible in the centre of the image?,1,1,Landsat30-AU-VQA-train
Which of the following objects can be seen winding through the landscape in the upper left corner of the image?,1,1,Landsat30-AU-VQA-train
What type of land cover is primarily depicted in this image?,1,1,Landsat30-AU-VQA-train
How many major road corridors can be observed in the image?,1,1,Landsat30-AU-VQA-train
What is the spatial relationship between the cropland fields and the natural vegetation?,1,1,Landsat30-AU-VQA-train
How many distinct regions of bare surface are present in the image?,1,1,Landsat30-AU-VQA-train
What is the main type of land cover depicted in the image?,1,1,Landsat30-AU-VQA-train
How many distinct sandy beach areas can be observed along the coastline in the image?,1,1,Landsat30-AU-VQA-train
Which of the following is visible in the left centre of the image?,1,1,Landsat30-AU-VQA-train
What is the spatial relationship between the rectangular fields and the road corridor visible in the image?,1,1,Landsat30-AU-VQA-train
How many major natural watercourses (such as rivers) can be observed in the image?,1,1,Landsat30-AU-VQA-train
Which of the following objects can be seen winding through the center of the image?,1,1,Landsat30-AU-VQA-train
How many water bodies (such as lakes or reservoirs) are present in the image?,1,1,Landsat30-AU-VQA-train
How many distinct complete green circular green fields are visible in the image?,1,1,Landsat30-AU-VQA-train
What is the spatial relation between the sediment plume and the water body?,1,1,Landsat30-AU-VQA-train
Which of the following features is present in the bottom part of the image?,1,1,Landsat30-AU-VQA-train
Where is the runway located in relation to the overall landscape?,1,1,Landsat30-AU-VQA-train
What type of land cover best describes the majority of the scene in the image?,2,1,Landsat30-AU-VQA-train
How are the cropland areas positioned relative to the natural vegetation?,1,1,Landsat30-AU-VQA-train
Which of the following features is visible in the right side of the image?,2,1,Landsat30-AU-VQA-train
What is the spatial relationship between the bare surface and any river or stream in the image?,1,1,Landsat30-AU-VQA-train
What is the spatial relationship between the river and terrestrial vegetation in the image?,1,1,Landsat30-AU-VQA-train
What is the spatial relation between the agricultural fields and the patches of natural terrestrial vegetation?,1,1,Landsat30-AU-VQA-train
Which type of landscape best describes the majority of the image?,1,1,Landsat30-AU-VQA-train
Which of the following objects from the list is visible in the bottom right part of the image?,1,1,Landsat30-AU-VQA-train
How many distinct rivers can be seen flowing through the image?,1,1,Landsat30-AU-VQA-train
What is the spatial relationship between the urban area and the cropland?,1,1,Landsat30-AU-VQA-train
How many road corridors are visible in the bottom left corner of the image?,1,1,Landsat30-AU-VQA-train
What is the spatial relation between the town and the cropland in the image?,1,1,Landsat30-AU-VQA-train
How many distinct road corridors are visible in the bottom side or the image?,1,1,Landsat30-AU-VQA-train
How many distinct coastlines are visible in the image?,1,1,Landsat30-AU-VQA-train
What is the spatial relationship between the largest forest block and the surrounding cropland?,1,1,Landsat30-AU-VQA-train
What is the spatial relationship between the road corridors and the cropland plots?,1,1,Landsat30-AU-VQA-train
What is the spatial relationship between the river and the coastline in the image?,1,1,Landsat30-AU-VQA-train
How many distinct water bodies (such as rivers or small lakes) can be seen in the image?,1,1,Landsat30-AU-VQA-train
Which type of land cover dominates the majority of this image?,1,1,Landsat30-AU-VQA-train
Which of the following objects can be observed in the bottom left part of the image?,1,1,Landsat30-AU-VQA-train
How many distinct river-like features can be observed in the image?,1,1,Landsat30-AU-VQA-train
How many rivers are visible in the top left part of the image?,1,1,Landsat30-AU-VQA-train
What is the spatial relation between the cropland and the bare surface in the image?,1,1,Landsat30-AU-VQA-train
How many islands are clearly visible in the image?,1,1,Landsat30-AU-VQA-train
What is the spatial relation between the bare surface and the stream in the image?,2,1,Landsat30-AU-VQA-train
What is the spatial relationship between the lake and the river in the image?,1,1,Landsat30-AU-VQA-train
What is the spatial relation between the cultivated vegetation and the bare surface?,1,1,Landsat30-AU-VQA-train
What is the spatial relationship between the river and the urban fabric in the image?,2,1,Landsat30-AU-VQA-train
What is the spatial relationship between vegetation and bare surface in the image?,1,1,Landsat30-AU-VQA-train
What is the spatial relationship between the river and the cultivated cropland patches?,1,1,Landsat30-AU-VQA-train
What is the spatial relation between the cultivated fields and the natural terrestrial vegetation in the image?,1,1,Landsat30-AU-VQA-train
What is the relationship between the bare surface and any visible water bodies in the image?,1,1,Landsat30-AU-VQA-train
How many distinct water bodies (includs sea or ocean) can be seen in the image?,1,1,Landsat30-AU-VQA-train
What is the spatial relationship between the sandy strip and the water in the image?,1,1,Landsat30-AU-VQA-train
Which of the following features is clearly visible running across the image?,1,1,Landsat30-AU-VQA-train
How many prominent ridges are visible in the image?,1,1,Landsat30-AU-VQA-train
How many distinct cropland field sections are visible in the image?,1,1,Landsat30-AU-VQA-train
What is the spatial relationship between the cropland and the roads in the image?,1,1,Landsat30-AU-VQA-train
How many distinct sandy beach stretches can be observed along the coast in the image?,1,1,Landsat30-AU-VQA-train
How many distinct water bodies (such as the sea or river) are visible in the image?,1,1,Landsat30-AU-VQA-train
How many main road corridors are visible in the upper left part of the image?,1,1,Landsat30-AU-VQA-train
Which of the following objects is present in the right part of the image?,1,1,Landsat30-AU-VQA-train
What is the spatial relationship between the urban area and the reservoir in the image?,1,1,Landsat30-AU-VQA-train
How many distinct ponds can be observed in the top right of the image?,1,1,Landsat30-AU-VQA-train
How many roads are clearly visible in the image?,2,1,Landsat30-AU-VQA-train
How many golf courses can be identified in the image?,1,1,Landsat30-AU-VQA-train
How many distinct artificial surfaces can be identified in the image?,1,1,Landsat30-AU-VQA-train
What is the spatial relation between the cultivated fields and the water body in the image?,1,1,Landsat30-AU-VQA-train
What is the spatial relationship between the beach and the vegetation?,1,1,Landsat30-AU-VQA-train
What is the spatial relationship between the cultivated fields and the bare ground in the image?,1,1,Landsat30-AU-VQA-train
Which of the following objects can be seen in the top left corner of the image?,1,1,Landsat30-AU-VQA-train
How many major river channels can be seen in the image?,1,1,Landsat30-AU-VQA-train
Which of the following objects can be seen in the top left area of the image?,1,1,Landsat30-AU-VQA-train
Which type of landscape best describes the central area of this image?,1,1,Landsat30-AU-VQA-train
What is the spatial relation between the largest water body and the natural bare surfaces?,1,1,Landsat30-AU-VQA-train
How many distinct open pit mines can be seen in the image?,2,1,Landsat30-AU-VQA-train
How many distinct land-water boundaries (coastlines) are visible in the image?,1,1,Landsat30-AU-VQA-train
What is the spatial relationship between the sandy spit and the tidal channel?,1,1,Landsat30-AU-VQA-train
How many distinct green irrigated field patches are visible in the image?,1,1,Landsat30-AU-VQA-train
Which of the following objects from the list is visible in the bottom left corner of the image?,1,1,Landsat30-AU-VQA-train
What is the spatial relationship between natural bare surfaces and artificial surfaces in this image?,1,1,Landsat30-AU-VQA-train
What is the spatial relationship between the road corridors and the vegetation in the image?,1,1,Landsat30-AU-VQA-train
What is the spatial relationship between the agricultural fields and the natural vegetation?,1,1,Landsat30-AU-VQA-train
Which of the following water features is clearly visible in the image?,1,1,Landsat30-AU-VQA-train
What is the primary type of land cover visible in this image?,2,1,Landsat30-AU-VQA-train
What is the spatial relationship between the industrial complex and the forest in the image?,1,1,Landsat30-AU-VQA-train
What is the spatial relation between the road corridor and the river system in the image?,1,1,Landsat30-AU-VQA-train
How many distinct islands can be observed in the water near the coastline?,1,1,Landsat30-AU-VQA-train
What is the spatial relationship between cultivated vegetation and natural vegetation in the image?,1,1,Landsat30-AU-VQA-train
Where is the agricultural area primarily located in relation to the bare surface?,1,1,Landsat30-AU-VQA-train
What is the spatial relationship between the airstrip and the coast?,1,1,Landsat30-AU-VQA-train
How many water bodies are clearly visible in the centre of the image?,1,1,Landsat30-AU-VQA-train
What is the spatial relationship between the cultivated terrestrial vegetation and the bare patches?,1,1,Landsat30-AU-VQA-train
What is the dominant land cover type in the left portion of the image?,1,1,Landsat30-AU-VQA-train
What is the spatial relationship between the road and the natural vegetation?,1,1,Landsat30-AU-VQA-train
What is the spatial relation between the cultivated terrestrial vegetation and the natural terrestrial vegetation in the image?,1,1,Landsat30-AU-VQA-train
How many distinct vegetated patches can be observed on the land in the image?,1,1,Landsat30-AU-VQA-train
What is the spatial relationship between the cultivated fields and the natural bare surfaces in the image?,2,1,Landsat30-AU-VQA-train
What is the spatial relation between the bare surface and the cultivated areas in the image?,1,1,Landsat30-AU-VQA-train
What is the spatial relation between the cultivated fields and the urban fabric in the image?,1,1,Landsat30-AU-VQA-train
What is the spatial relation between the water body and the natural terrestrial vegetation?,1,1,Landsat30-AU-VQA-train
What is the predominant type of land cover in this centre of the image?,1,1,Landsat30-AU-VQA-train
Which of the following objects from the list is visible in the upper right part of the image?,1,1,Landsat30-AU-VQA-train
What is the spatial relation between the road corridors and the natural bare surfaces in the image?,1,1,Landsat30-AU-VQA-train
What is the spatial relation between the cultivated land and the dirt tracks in the image?,1,1,Landsat30-AU-VQA-train
What is the spatial relation between the cropland and the natural terrestrial vegetation?,1,1,Landsat30-AU-VQA-train
What is the predominant land cover type shown in the image?,2,1,Landsat30-AU-VQA-train
What is the spatial relationship between the road corridor and the rectangular fields in the image?,1,1,Landsat30-AU-VQA-train
How many distinct small towns are visible in the image?,1,1,Landsat30-AU-VQA-train
What is the spatial relationship between the green fields and the natural bare surface in the image?,1,1,Landsat30-AU-VQA-train
What is the spatial relationship between the clouds and the landscape in the image?,1,1,Landsat30-AU-VQA-train
How many distinct highways can be identified crossing the image diagonally?,1,1,Landsat30-AU-VQA-train
What is the spatial relationship between the cropland fields and the dirt tracks in the image?,1,1,Landsat30-AU-VQA-train
What is the spatial relationship between the water and the bare ground in the image?,1,1,Landsat30-AU-VQA-train
What is the spatial relationship between the road corridor and the vegetation?,1,1,Landsat30-AU-VQA-train
What is the spatial relation between the bare surface and the road in the image?,1,1,Landsat30-AU-VQA-train
How many ponds can be identified in the image?,1,1,Landsat30-AU-VQA-train
How many distinct river or stream channels can be seen crossing the patchwork fields?,1,1,Landsat30-AU-VQA-train
What is the spatial relationship between the bare ground and the drainage lines in the image?,1,1,Landsat30-AU-VQA-train
What is the spatial relationship between the river and the surrounding surfaces?,1,1,Landsat30-AU-VQA-train
What is the spatial relation between the river and the urban area in the image?,1,1,Landsat30-AU-VQA-train
How many distinct ponds or lakes are clearly visible in the image?,1,1,Landsat30-AU-VQA-train
What is the spatial relation between bare surface and vegetation in the image?,1,1,Landsat30-AU-VQA-train
What is the spatial relation between the rectangular cropland fields and the natural terrestrial vegetation?,1,1,Landsat30-AU-VQA-train
What is the spatial relation between the cropland fields and the water bodies in the image?,1,1,Landsat30-AU-VQA-train
How many distinct road corridors can be seen crossing the cropland fields?,1,1,Landsat30-AU-VQA-train
What is the spatial relationship between the natural bare surfaces and the river in the image?,1,1,Landsat30-AU-VQA-train
What is the spatial relationship between the cropland and the pond in the image?,1,1,Landsat30-AU-VQA-train
How many clouds can be observed in the upper right corner of the image?,1,1,Landsat30-AU-VQA-train
How many river corridors can be identified in the image?,1,1,Landsat30-AU-VQA-train
What is the spatial relationship between the cropland fields and the road corridors in the image?,2,1,Landsat30-AU-VQA-train
How many river systems are visible in the image?,1,1,Landsat30-AU-VQA-train
How many distinct water bodies (excluding rivers) can be seen in the image?,1,1,Landsat30-AU-VQA-train
How many distinct large lakes are visible in the image?,1,1,Landsat30-AU-VQA-train
Where are the mining activities located relative to the largest water body in the image?,1,1,Landsat30-AU-VQA-train
What is the spatial relationship between the road and the bare surfaces in the image?,1,1,Landsat30-AU-VQA-train
How many roads can be identified in the upper right part of the image?,1,1,Landsat30-AU-VQA-train
What is the relationship between the river channels and the bare surfaces in the image?,1,1,Landsat30-AU-VQA-train
What is the spatial relation between the lake and the urban fabric in the image?,1,1,Landsat30-AU-VQA-train
How many distinct areas of small town or human settlement are visible in the image?,1,1,Landsat30-AU-VQA-train
What is the spatial relationship between the river and the lake in the image?,1,1,Landsat30-AU-VQA-train
How many circular green fields can be observed in the image?,1,1,Landsat30-AU-VQA-train
What is the spatial relationship between the circular irrigated fields and the cropland?,1,1,Landsat30-AU-VQA-train
How many distinct clouds can be observed in the upper left of the image?,1,1,Landsat30-AU-VQA-train
What is the spatial relation between the river and the circular irrigated fields in the image?,1,1,Landsat30-AU-VQA-train
Where is the natural terrestrial vegetation mainly located in relation to the river?,1,1,Landsat30-AU-VQA-train
How many distinct water bodies (ponds or lakes) can be observed in the image?,1,1,Landsat30-AU-VQA-train
What is the spatial relationship between the natural terrestrial vegetation and the water body in the image?,1,1,Landsat30-AU-VQA-train
What is the spatial relationship between the road corridor and the open pit mine?,1,1,Landsat30-AU-VQA-train
What is the spatial relation between the bare ground and the vegetation in the image?,1,1,Landsat30-AU-VQA-train
What is the spatial relation between the natural terrestrial vegetation and the bare ground in the image?,1,1,Landsat30-AU-VQA-train
How many distinct water bodies or ponds are visible in the upper right area of the image?,1,1,Landsat30-AU-VQA-train
How many clouds are clearly visible in the image?,1,1,Landsat30-AU-VQA-train
How many triangular-shaped green fields are present in the image?,1,1,Landsat30-AU-VQA-train
What is the spatial relationship between the natural bare surfaces and the area with natural vegetation?,1,1,Landsat30-AU-VQA-train
How many distinct rectangular agricultural fields are visible in the image?,1,1,Landsat30-AU-VQA-train
Which of the following features can be observed in the upper right corner of the image?,1,1,Landsat30-AU-VQA-train
What is the spatial relation between the cropland and the surrounding natural terrestrial vegetation?,1,1,Landsat30-AU-VQA-train
How many rivers are visible crossing the image?,1,1,Landsat30-AU-VQA-train
What is the spatial relation between cultivated terrestrial vegetation and bare or sparsely vegetated fields in the image?,1,1,Landsat30-AU-VQA-train
How many distinct complete islands can be observed in the water body?,1,1,Landsat30-AU-VQA-train
Which of the following objects can be identified in the left centre of the image?,1,1,Landsat30-AU-VQA-train
How many distinct roads can be seen crossing the area?,1,1,Landsat30-AU-VQA-train
What type of general landscape is primarily shown in this image?,1,1,Landsat30-AU-VQA-train
How many distinct Open site mines can be observed in the image?,1,1,Landsat30-AU-VQA-train
How many distinct water basins or ponds are visible in the image?,1,1,Landsat30-AU-VQA-train
What is the spatial relationship between the road corridor and the fields in the image?,1,1,Landsat30-AU-VQA-train
How many large distinct water bodies are visible in the image?,1,1,Landsat30-AU-VQA-train
What is the spatial relationship between the open pit mine and the industrial complex?,1,1,Landsat30-AU-VQA-train
What is the spatial relation between the tributaries and the central stream in the image?,1,1,Landsat30-AU-VQA-train
What is the spatial relation between the cultivated terrestrial vegetation and the natural terrestrial vegetation?,1,1,Landsat30-AU-VQA-train
How many major river bends (oxbow bends) are visible in the image?,1,1,Landsat30-AU-VQA-train
What is the spatial relationship between the cultivated terrestrial vegetation and the bare ground?,2,1,Landsat30-AU-VQA-train
What is the spatial relationship between the river and the light-colored patch in the image?,1,1,Landsat30-AU-VQA-train
What is the spatial relationship between the cultivated fields and the urban areas in the image?,1,1,Landsat30-AU-VQA-train
What is the spatial relation between the road and the forested area in the image?,1,1,Landsat30-AU-VQA-train
What type of scene is depicted in the image?,1,1,Landsat30-AU-VQA-train
How many distinct bare surface areas are visible along the water's edge in the image?,1,1,Landsat30-AU-VQA-train
Which of the following objects can be seen in the top left part of the image?,1,1,Landsat30-AU-VQA-train
How many distinct urban fabric clusters can be identified in the image?,1,1,Landsat30-AU-VQA-train
What is the relationship between the access roads and the cropland fields?,1,1,Landsat30-AU-VQA-train
What is the dominant type of environment visible in the image?,1,1,Landsat30-AU-VQA-train
What is the spatial relationship between the natural bare surface and other key objects in the image?,1,1,Landsat30-AU-VQA-train
How many distinct ponds can be observed in the image?,1,1,Landsat30-AU-VQA-train
What is the spatial relationship between the cultivated fields and the water bodies in the upper part of the image?,1,1,Landsat30-AU-VQA-train
Which of the following objects is clearly visible in the lower part of the image?,1,1,Landsat30-AU-VQA-train
Which of the following features is clearly visible along the right edge of the image?,1,1,Landsat30-AU-VQA-train
How many distinct rivers are visible in the upper part of the image?,1,1,Landsat30-AU-VQA-train
Which of the following features is visible in the lower left portion of the image?,1,1,Landsat30-AU-VQA-train
What is the spatial relationship between the river/intermittent stream and the rectangular patches?,1,1,Landsat30-AU-VQA-train
What is the spatial relationship between the cultivated vegetation and the bare surface in the image?,1,1,Landsat30-AU-VQA-train
What is the spatial relation between the ridges and the bare surface in the image?,1,1,Landsat30-AU-VQA-train
How many clouds can be identified crossing the image?,1,1,Landsat30-AU-VQA-train
What is the spatial relationship between the river and the vegetation patches?,1,1,Landsat30-AU-VQA-train
How many distinct open pit mines are clearly visible in the image?,1,1,Landsat30-AU-VQA-train
How many distinct golf courses can be observed in the image?,1,1,Landsat30-AU-VQA-train
How many complete green irrigated circles are visible in the image?,1,1,Landsat30-AU-VQA-train
What is the spatial relationship between the cultivated fields and the bare surface?,1,1,Landsat30-AU-VQA-train
Which of the following features can be observed winding through the image?,1,1,Landsat30-AU-VQA-train
What is the spatial relation between the river and the surrounding bare surfaces?,1,1,Landsat30-AU-VQA-train
What is the spatial relation between the cloud and the circular irrigated field?,1,1,Landsat30-AU-VQA-train
What is the spatial relation between the linear track and the patch of dark natural bare surface?,1,1,Landsat30-AU-VQA-train
What is the spatial relationship between the winding river and the rectangular fields?,1,1,Landsat30-AU-VQA-train
What is the spatial relationship between the bare ground surfaces and the cultivated fields?,1,1,Landsat30-AU-VQA-train
What is the spatial relationship between the natural terrestrial vegetation and the bare surfaces?,1,1,Landsat30-AU-VQA-train
What is the spatial relation between the town and the fields?,1,1,Landsat30-AU-VQA-train
What is the spatial relation between the coastline and the cropland in the image?,1,1,Landsat30-AU-VQA-train
What is the spatial relation between the cropland fields and the road corridor?,1,1,Landsat30-AU-VQA-train
What is the relationship between the river and the cultivated fields?,1,1,Landsat30-AU-VQA-train
How many distinct areas of breaking waves are visible along the coastline?,1,1,Landsat30-AU-VQA-train
How many oxbow lakes can be identified in the image?,1,1,Landsat30-AU-VQA-train
What is the spatial relationship between the coastline and the sea in the image?,1,1,Landsat30-AU-VQA-train
What is the spatial relation between the road corridor and the forested areas?,1,1,Landsat30-AU-VQA-train
What is the spatial relationship between the natural watercourses and the bare ground in the image?,1,1,Landsat30-AU-VQA-train
What is the spatial relationship between the rectangular fields and the water body in the image?,1,1,Landsat30-AU-VQA-train
What is the spatial relation between the lake and the vegetated landmass in the image?,1,1,Landsat30-AU-VQA-train
What is the spatial relationship between the small town and the green fields?,1,1,Landsat30-AU-VQA-train
What is the spatial relation between the linear tracks and the bare surfaces in the image?,1,1,Landsat30-AU-VQA-train
How many distinct rivers can be observed in this bottom part of the image?,1,1,Landsat30-AU-VQA-train
How many distinct rivers or streams can be observed crossing the landscape?,1,1,Landsat30-AU-VQA-train
What is the primary land-cover type shown in this image?,1,1,Landsat30-AU-VQA-train
"How many large, distinct agricultural fields can be identified in the image?",1,1,Landsat30-AU-VQA-train
What is the spatial relationship between the linear track and the watercourse in the image?,1,1,Landsat30-AU-VQA-train
What is the spatial relation between the forest and the cultivated vegetation?,1,1,Landsat30-AU-VQA-train
What is the spatial relation between the road corridors and the cropland in the image?,1,1,Landsat30-AU-VQA-train
What is the spatial relation between the cultivated cropland and the forest in the image?,1,1,Landsat30-AU-VQA-train
What is the spatial relationship between the coastline and the urban area?,1,1,Landsat30-AU-VQA-train
What is the spatial relationship between the large rectangular fields and the natural terrestrial vegetation?,1,1,Landsat30-AU-VQA-train
What is the spatial relation between the water body and the bare surface in the image?,1,1,Landsat30-AU-VQA-train
What is the spatial relation between the river and the bare land in the image?,1,1,Landsat30-AU-VQA-train
What is the spatial relation between the cropland fields and the road corridor in the image?,1,1,Landsat30-AU-VQA-train
What is the spatial relation between the green vegetated area and the reddish-brown bare surface?,1,1,Landsat30-AU-VQA-train
How many distinct irrigated fields are visible in the image?,1,1,Landsat30-AU-VQA-train
What is the spatial relation between the water and the islands in the image?,1,1,Landsat30-AU-VQA-train
How many major water bodies (rivers or lakes) are visible in the image?,1,1,Landsat30-AU-VQA-train
How many major river or stream features are visible crossing the fields in the image?,1,1,Landsat30-AU-VQA-train
What is the spatial relation between the cropland and the forested area in the image?,1,1,Landsat30-AU-VQA-train
What is the spatial relationship between the cultivated fields and the urban fabric in the image?,1,1,Landsat30-AU-VQA-train
Which of the following objects is visible in the top right part of the image?,1,1,Landsat30-AU-VQA-train
What is the spatial relation between the mining facility and the road corridor?,1,1,Landsat30-AU-VQA-train
How are the natural bare surfaces and vegetation spatially related in the image?,1,1,Landsat30-AU-VQA-train
What type of land cover best describes the environment in this image?,1,1,Landsat30-AU-VQA-train
What is the spatial relationship between the rectangular enclosures and the road corridor in the image?,1,1,Landsat30-AU-VQA-train
Which of the following objects is visible in the lower right corner of the image?,2,1,Landsat30-AU-VQA-train
Which of the following features is visible winding through the lower part of the image?,1,1,Landsat30-AU-VQA-train
How many visible streams can be identified in the image?,1,1,Landsat30-AU-VQA-train
What is the spatial relationship between the forest and the cultivated cropland in the image?,1,1,Landsat30-AU-VQA-train
Which of the following objects is not visible in the right side of the image?,1,1,Landsat30-AU-VQA-train
What is the spatial relationship between the lake and the bare surface?,1,1,Landsat30-AU-VQA-train
What is the relationship between the road corridor and the natural terrestrial vegetation?,1,1,Landsat30-AU-VQA-train
What is the spatial relation between the road corridor and the natural bare surface?,2,1,Landsat30-AU-VQA-train
How many distinct clouds can be observed in the water?,1,1,Landsat30-AU-VQA-train
What is the spatial relationship between the river and the cultivated terrestrial vegetation in the image?,1,1,Landsat30-AU-VQA-train
What is the spatial relationship between the water channel and the vegetated area?,1,1,Landsat30-AU-VQA-train
How many main river corridors are visible in the image?,1,1,Landsat30-AU-VQA-train
Which best describes the main land cover type in the lower half of the image?,1,1,Landsat30-AU-VQA-train
Where is the lake located relative to the cropland in the image?,1,1,Landsat30-AU-VQA-train
How many distinct patches of clouds are visible in the image?,2,1,Landsat30-AU-VQA-train
Which land cover type best describes the majority of the area in the image?,1,1,Landsat30-AU-VQA-train
Which of the following objects is visible as a prominent feature in this image?,1,1,Landsat30-AU-VQA-train
What type of land cover is predominantly visible in this image?,1,1,Landsat30-AU-VQA-train
What is the dominant land cover type in the central and lower parts of the image?,1,1,Landsat30-AU-VQA-train
How many major water bodies (including rivers and lakes) are visible in the image?,1,1,Landsat30-AU-VQA-train
What is the spatial relationship between the ocean and the coastline in the image?,1,1,Landsat30-AU-VQA-train
How many distinct water bodies can be seen in the bottom edge of the image?,1,1,Landsat30-AU-VQA-train
Where are the cultivated fields located in relation to the river in the image?,1,1,Landsat30-AU-VQA-train
What is the spatial relationship between the natural terrestrial vegetation and the roads?,1,1,Landsat30-AU-VQA-train
What is the spatial relationship between the ocean and the sandy beach in the image?,1,1,Landsat30-AU-VQA-train
How is the river positioned in relation to the surrounding bare surface?,1,1,Landsat30-AU-VQA-train
How many distinct snow cover areas are visible in the image?,1,1,Landsat30-AU-VQA-train
Where is the road corridor located in relation to the river?,1,1,Landsat30-AU-VQA-train
What is the predominant type of landscape shown in the image?,1,1,Landsat30-AU-VQA-train
How many distinct water bodies can be seen in the bottom of the image?,1,1,Landsat30-AU-VQA-train
What is the main type of environment depicted in the image?,1,1,Landsat30-AU-VQA-train
What is the spatial relationship between the bare surfaces and the water in the image?,1,1,Landsat30-AU-VQA-train
How many distinct green field patches can be observed in the image?,1,1,Landsat30-AU-VQA-train
What is the spatial relationship between the urban area and the surrounding cropland fields?,1,1,Landsat30-AU-VQA-train
Which of the following objects can be observed in the upper side of the image?,1,1,Landsat30-AU-VQA-train
Which of the following objects can be seen running through the center of the image?,1,1,Landsat30-AU-VQA-train
How many distinct roads are visible in the right side of the image?,1,1,Landsat30-AU-VQA-train
What is the spatial relation between the cropland and the bare soil in the image?,1,1,Landsat30-AU-VQA-train
Which type of land cover dominates the left half of the image?,1,1,Landsat30-AU-VQA-train
How does the river-like feature relate spatially to the bare surface?,1,1,Landsat30-AU-VQA-train
What is the spatial relation between bare ground and natural bare surfaces in the image?,1,1,Landsat30-AU-VQA-train
What is the spatial relationship between the cultivated fields and the wetland patches?,1,1,Landsat30-AU-VQA-train
What is the spatial relation between cropland and dense forest in the image?,1,1,Landsat30-AU-VQA-train
What is the spatial relationship between the rectangular fields in the image?,1,1,Landsat30-AU-VQA-train
How many distinct water bodies (such as lakes) are visible in the image?,1,1,Landsat30-AU-VQA-train
How many distinct water bodies are clearly visible in the bottom left part of the image?,1,1,Landsat30-AU-VQA-train
What is the spatial relationship between the road corridor and the water body in the image?,1,1,Landsat30-AU-VQA-train
What is the spatial relationship between the beach and the water body in this image?,1,1,Landsat30-AU-VQA-train
How many distinct beaches are visible along the coastline in the image?,1,1,Landsat30-AU-VQA-train
How many distinct cultivated field patches can be observed in the image?,1,1,Landsat30-AU-VQA-train
How are the natural bare surfaces distributed in relation to the other land covers in the image?,1,1,Landsat30-AU-VQA-train
How many distinct patches of cultivated terrestrial vegetation can be identified in the image?,1,1,Landsat30-AU-VQA-train
How many distinct urban fabric areas (towns/cities) are visible in the image?,1,1,Landsat30-AU-VQA-train
What is the spatial relation between the urban area and the cultivated vegetation?,1,1,Landsat30-AU-VQA-train
How many haul roads can be identified in the image?,1,1,Landsat30-AU-VQA-train
What is the spatial relationship between the forested area and the cultivated fields?,1,1,Landsat30-AU-VQA-train
What is the spatial relationship between the rectangular fields and the roads in the image?,1,1,Landsat30-AU-VQA-train
What is the spatial relation between the ocean and the islands in the image?,1,1,Landsat30-AU-VQA-train
How many distinct artificial areas can be identified in the image?,1,1,Landsat30-AU-VQA-train
How many large cropland fields are visible in the image?,1,1,Landsat30-AU-VQA-train
How many distinct patches of cultivated terrestrial vegetation can be observed?,1,1,Landsat30-AU-VQA-train
"How many distinct water bodies (ocean, river, or stream) are visible in the image?",1,1,Landsat30-AU-VQA-train
What is the spatial relation between the urban fabric and the cultivated land in the image?,1,1,Landsat30-AU-VQA-train
How many major river channels can be seen traversing the image?,1,1,Landsat30-AU-VQA-train
How many rivers are present in the image?,1,1,Landsat30-AU-VQA-train
What is the spatial relationship between the river and the circular green fields?,1,1,Landsat30-AU-VQA-train
What is the spatial relation between the road corridor and the cultivated terrestrial vegetation patches?,1,1,Landsat30-AU-VQA-train
What is the spatial relationship between the small town and the surrounding land?,1,1,Landsat30-AU-VQA-train
What is the spatial relationship between the irrigated fields and the bare surfaces in the image?,1,1,Landsat30-AU-VQA-train
What is the spatial relationship between the linear feature and the surrounding surface?,1,1,Landsat30-AU-VQA-train
What is the spatial relationship between the forested hills and the cultivated terrestrial vegetation?,1,1,Landsat30-AU-VQA-train
What is the relationship between bare ground and natural terrestrial vegetation in this image?,1,1,Landsat30-AU-VQA-train
What is the spatial relationship between the vegetated surface and the bare surface in the image?,1,1,Landsat30-AU-VQA-train
How many distinct road networks are visible crossing the image?,1,1,Landsat30-AU-VQA-train
What is the spatial relation between the road and the cropland in the image?,1,1,Landsat30-AU-VQA-train
How many distinct river channels are clearly visible in the image?,1,1,Landsat30-AU-VQA-train
How many distinct river meanders are clearly visible in the image?,1,1,Landsat30-AU-VQA-train
How many clouds can be visually identified in the image?,1,1,Landsat30-AU-VQA-train
How many major river corridors can be observed crossing the cropland fields?,1,1,Landsat30-AU-VQA-train
Which type of land cover dominates the upper right area of the image?,1,1,Landsat30-AU-VQA-train
What is the spatial relationship between the river and the rectangular green fields?,1,1,Landsat30-AU-VQA-train
What is the spatial relationship between the bare patches and the vegetation in the image?,1,1,Landsat30-AU-VQA-train
What is the spatial relationship between the cultivated fields and the forest patches?,1,1,Landsat30-AU-VQA-train
How many distinct big water bodies (lakes or reservoirs) are visible in the image?,1,1,Landsat30-AU-VQA-train
What is the spatial relation between the urban area and the coastline?,1,1,Landsat30-AU-VQA-train
How many distinct ponds can be identified in the upper right part of the image?,1,1,Landsat30-AU-VQA-train
How many distinct areas of urban or built-up surfaces are visible in the image?,1,1,Landsat30-AU-VQA-train
Which of the following objects is clearly visible in the upper right part of the image?,1,1,Landsat30-AU-VQA-train
What is the dominant land cover type in the center of the image?,2,1,Landsat30-AU-VQA-train
What is the spatial relationship between the urban fabric and the river in the image?,1,1,Landsat30-AU-VQA-train
What is the spatial relation between the drainage lines and the bare ground in the image?,1,1,Landsat30-AU-VQA-train
Which of the following is present in the lower left corner of the image?,1,1,Landsat30-AU-VQA-train
How many major artificial surfaces (such as a mine or built-up area) can be identified in the image?,1,1,Landsat30-AU-VQA-train
How many clearly distinct cropland parcels are visible in the image?,1,1,Landsat30-AU-VQA-train
How many distinct clusters of farm buildings or storage facilities are visible in the image?,1,1,Landsat30-AU-VQA-train
What is the spatial relationship between vegetated surfaces and bare patches in the image?,1,1,Landsat30-AU-VQA-train
What is the spatial relationship between the urban fabric and the fields in the image?,1,1,Landsat30-AU-VQA-train
What is the spatial relation between the bare surface and the vegetation in the image?,1,1,Landsat30-AU-VQA-train
What is the spatial relationship between the rocky corridor and the cropland fields?,1,1,Landsat30-AU-VQA-train
What is the spatial relationship between the urban areas and the water bodies in the image?,1,1,Landsat30-AU-VQA-train
What is the spatial relation between the watercourse and the bare surfaces in the image?,1,1,Landsat30-AU-VQA-train
How many distinct clusters of trees are visible in the upper right part of the image?,1,1,Landsat30-AU-VQA-train
How many main river channels can be observed in the image?,1,1,Landsat30-AU-VQA-train
What is the spatial relation between the road corridor and the bare surfaces?,1,1,Landsat30-AU-VQA-train
What is the spatial relationship between the river and the tributaries in the image?,1,1,Landsat30-AU-VQA-train
What is the spatial relationship between the dirt tracks and the bare areas in the image?,1,1,Landsat30-AU-VQA-train
What is the spatial relationship between the bare surfaces and the terrestrial vegetation in the image?,1,1,Landsat30-AU-VQA-train
What is the spatial relation between the cultivated land and the river?,1,1,Landsat30-AU-VQA-train
Where is the vegetation mainly located in relation to the river?,1,1,Landsat30-AU-VQA-train
What is the spatial relationship between the cropland and the natural bare surface in the image?,1,1,Landsat30-AU-VQA-train
What type of land-cover best describes the environment in the image?,1,1,Landsat30-AU-VQA-train
How many distinct islands can be identified in the image?,1,1,Landsat30-AU-VQA-train
What is the spatial relationship between the urban area and the natural vegetation in the image?,1,1,Landsat30-AU-VQA-train
What is the spatial relation between the river and the rectangular fields?,1,1,Landsat30-AU-VQA-train
How many rivers can be clearly seen in the image?,1,1,Landsat30-AU-VQA-train
What is the spatial relationship between the cropland and the natural bare surfaces in the image?,1,1,Landsat30-AU-VQA-train
What is the dominant land cover type in the lower left part of the image?,1,1,Landsat30-AU-VQA-train
What is the spatial relationship between the road corridors and the urban fabric?,1,1,Landsat30-AU-VQA-train
How many rivers or streams are clearly visible in the image?,1,1,Landsat30-AU-VQA-train
What is the spatial relation between the stream and the fields in the image?,1,1,Landsat30-AU-VQA-train
What is the spatial relationship between the natural bare surfaces and the drainage network?,1,1,Landsat30-AU-VQA-train
What is the spatial relation between the road corridor and the cleared land?,1,1,Landsat30-AU-VQA-train
What is the spatial relation between the bare surfaces and the vegetated areas in this image?,1,1,Landsat30-AU-VQA-train
What is the spatial relationship between the forest and the cultivated cropland?,1,1,Landsat30-AU-VQA-train
What is the spatial relation between the fields and the road corridors in the image?,1,1,Landsat30-AU-VQA-train
Which of the following objects is visible as a prominent feature in the image?,1,1,Landsat30-AU-VQA-train
What is the spatial relationship between the hydrological network and the bare ground in the image?,1,1,Landsat30-AU-VQA-train
What is the spatial relationship between the cropland fields and the road corridors?,1,1,Landsat30-AU-VQA-train
What is the spatial relationship between the open-pit mines and the surrounding forests?,1,1,Landsat30-AU-VQA-train
How many distinct patches of irrigated fields are visible in the image?,1,1,Landsat30-AU-VQA-train
How many airport runways are visible in the image?,1,1,Landsat30-AU-VQA-train
What is the spatial relationship between the bare surface bands and the vegetation in the image?,1,1,Landsat30-AU-VQA-train
Which of the following objects is present in the centre part of the image?,1,1,Landsat30-AU-VQA-train
How many distinct rivers can be seen crossing the image?,1,1,Landsat30-AU-VQA-train
How many rivers or streams can be identified in the image?,1,1,Landsat30-AU-VQA-train
How many irrigated circles can be seen in the image?,1,1,Landsat30-AU-VQA-train
What is the spatial relationship between the open pit mine and the road corridors?,1,1,Landsat30-AU-VQA-train
What is the spatial relationship between the bare surface and the sparsely vegetated areas?,1,1,Landsat30-AU-VQA-train
How many roads can be seen in the image?,1,1,Landsat30-AU-VQA-train
How many distinct sandy beaches can be observed in the image?,1,1,Landsat30-AU-VQA-train
Which type of land cover is most characteristic of the scene in the image?,1,1,Landsat30-AU-VQA-train
What is the spatial relationship between the bare surface and artificial surfaces in the image?,1,1,Landsat30-AU-VQA-train
Which of the following key objects can be seen in the lower part of the image?,1,1,Landsat30-AU-VQA-train
What is the spatial relationship between the reservoir and the bare surfaces in the image?,1,1,Landsat30-AU-VQA-train
What is the spatial relationship between the coastal feature and the water body in the image?,1,1,Landsat30-AU-VQA-train
How many distinct waterbodies are visible in the upper left quadrant?,1,1,Landsat30-AU-VQA-train
What is the spatial relationship between the urban area and the surrounding cropland?,1,1,Landsat30-AU-VQA-train
What is the spatial relation between the road corridor and the rectangular fields in the image?,1,1,Landsat30-AU-VQA-train
What is the spatial relation between the road corridors and the vegetated surfaces?,1,1,Landsat30-AU-VQA-train
What is the spatial relationship between the sandy beaches and the water in the image?,1,1,Landsat30-AU-VQA-train
What best describes the spatial arrangement of the streams in the image?,1,1,Landsat30-AU-VQA-train
What is the spatial relation between the sandy beach areas and the ocean in this image?,1,1,Landsat30-AU-VQA-train
What is the spatial relationship between the stream and the bare surface in the image?,1,1,Landsat30-AU-VQA-train
What is the spatial relationship between the streams and the bare surface in the image?,1,1,Landsat30-AU-VQA-train
"How many distinct water bodies (river, pond, lake) can be observed in the image?",1,1,Landsat30-AU-VQA-train
How many distinct town or urban area clusters are visible in the image?,1,1,Landsat30-AU-VQA-train
How many small towns can be observed in the image?,1,1,Landsat30-AU-VQA-train
What is the spatial relationship between the cultivated fields and the surrounding forests?,1,1,Landsat30-AU-VQA-train
What is the spatial relationship between the river-like features and the bare landscape?,1,1,Landsat30-AU-VQA-train
What is the spatial relation between the bare surface and the river system in the image?,1,1,Landsat30-AU-VQA-train
How many distinct open pit mines can be seen crossing the agricultural fields?,1,1,Landsat30-AU-VQA-train
How many distinct dry riverbeds can be seen branching across the image?,1,1,Landsat30-AU-VQA-train
How many open pit mines are visible crossing the image?,1,1,Landsat30-AU-VQA-train
What is the spatial relation between the cropland and the forests in the image?,1,1,Landsat30-AU-VQA-train
What is the spatial relation between the green patches and the fields?,1,1,Landsat30-AU-VQA-train
What is the spatial relation between the river corridor and the surrounding vegetation in the image?,1,1,Landsat30-AU-VQA-train
How many distinct urban centers are visible in the image?,1,1,Landsat30-AU-VQA-train
What is the spatial relation between the cropland and the ponds in the image?,1,1,Landsat30-AU-VQA-train
What type of land cover predominantly appears in this image?,1,1,Landsat30-AU-VQA-train
Which type of land-cover best describes the main environment in the image?,1,1,Landsat30-AU-VQA-train
How many rivers are visible in this image?,1,1,Landsat30-AU-VQA-train
What is the primary type of land cover visible in the image?,1,1,Landsat30-AU-VQA-train
What is the spatial relation between the bare ground and the cultivated cropland?,1,1,Landsat30-AU-VQA-train
What is the spatial relation between the cropland and the urban area?,1,1,Landsat30-AU-VQA-train
What is the spatial relationship between the irrigation channels and the fields?,1,1,Landsat30-AU-VQA-train
How many runways can be seen in the image?,1,1,Landsat30-AU-VQA-train
What is the spatial relationship between the sand dunes and the bare surfaces in the image?,1,1,Landsat30-AU-VQA-train
What is the spatial relation between natural terrestrial vegetation and bare ground in the image?,1,1,Landsat30-AU-VQA-train
Which of the following features is visible in the right edge part of the image?,1,1,Landsat30-AU-VQA-train
What is the spatial relation between the irrigated cropland and the urban area?,1,1,Landsat30-AU-VQA-train
How many distinct roads can be identified crossing through the fields?,1,1,Landsat30-AU-VQA-train
What is the spatial relationship between the cropland and the bare soil in the image?,1,1,Landsat30-AU-VQA-train
What is the spatial relationship between the bare ground and the vegetation in the image?,1,1,Landsat30-AU-VQA-train
What is the spatial relationship between the forest and the urban area in the image?,1,1,Landsat30-AU-VQA-train
What is the spatial relation between the water body and the surrounding land?,1,1,Landsat30-AU-VQA-train
Where is the open pit mine located relative to the center of the image?,1,1,Landsat30-AU-VQA-train
What is the spatial relationship between the road corridor and the cultivated cropland?,1,1,Landsat30-AU-VQA-train
What is the spatial relationship between the green fields and the coastline in this image?,1,1,Landsat30-AU-VQA-train
What is the spatial relation between vegetated patches and bare surface in the image?,1,1,Landsat30-AU-VQA-train
How many watr bodies can be identified in the image?,1,1,Landsat30-AU-VQA-train
What is the spatial relationship between cropland and forests in the image?,1,1,Landsat30-AU-VQA-train
How many distinct road corridors are visible crossing the image?,1,1,Landsat30-AU-VQA-train
How many lakes or ponds are visible in the image?,1,1,Landsat30-AU-VQA-train
How many distinct towns or urban areas are visible in the image?,1,1,Landsat30-AU-VQA-train
What is the spatial relation between the rectangular fields and the natural terrestrial vegetation in the image?,1,1,Landsat30-AU-VQA-train
What is the spatial relationship between the bare surfaces and the escarpment in the image?,1,1,Landsat30-AU-VQA-train
What is the spatial relation between the road corridor and the patchwork fields in the image?,1,1,Landsat30-AU-VQA-train
What is the spatial relation between the river and the urban fabric in the image?,1,1,Landsat30-AU-VQA-train
What is the spatial relation between the cultivated cropland fields and the river?,1,1,Landsat30-AU-VQA-train
How many distinct cloud patches can be seen in the image?,1,1,Landsat30-AU-VQA-train
How many distinct towns in the image?,1,1,Landsat30-AU-VQA-train
What is the spatial relationship between the green corridors and the bare surfaces in the image?,1,1,Landsat30-AU-VQA-train
Which of the following objects is present in the upper left corner of the image?,1,1,Landsat30-AU-VQA-train
How many distinct water bodies (such as ponds or lakes) are visible in the image?,1,1,Landsat30-AU-VQA-train
What is the spatial relation between the cultivated cropland and the forests in the image?,1,1,Landsat30-AU-VQA-train
What is the spatial relationship between the river and the circular irrigated fields?,1,1,Landsat30-AU-VQA-train
What is the dominant type of environment depicted in this image?,1,1,Landsat30-AU-VQA-train
What is the spatial relationship between the natural bare surfaces and cultivated terrestrial vegetation in this image?,1,1,Landsat30-AU-VQA-train
What is the spatial relationship between the cropland and the drainage channels?,1,1,Landsat30-AU-VQA-train
What is the dominant landscape type visible in the image?,1,1,Landsat30-AU-VQA-train
Which of the following objects from the list is visible in the centre part of the image?,1,1,Landsat30-AU-VQA-train
What is the spatial relationship between the ocean and the bare sandy surfaces in the image?,1,1,Landsat30-AU-VQA-train
What is the spatial relation between the artificial surface and the surrounding natural terrestrial vegetation?,1,1,Landsat30-AU-VQA-train
What is the spatial relationship between the linear paths or tracks and the natural bare surfaces?,1,1,Landsat30-AU-VQA-train
What is the spatial relationship between the natural terrestrial vegetation and the cultivated fields in the image?,1,1,Landsat30-AU-VQA-train
How many airport runways can be seen in the image?,1,1,Landsat30-AU-VQA-train
How many main tributaries can be seen joining the river in the image?,1,1,Landsat30-AU-VQA-train
What is the spatial relationship between the bare surfaces and the cultivated terrestrial vegetation in the image?,1,1,Landsat30-AU-VQA-train
How many distinct water bodies (such as rivers or lakes) can be observed in the image?,1,1,Landsat30-AU-VQA-train
"How many large, distinct rectangular fields are visible in the image?",1,1,Landsat30-AU-VQA-train
What is the spatial relationship between the river corridor and the natural bare surfaces in the image?,1,1,Landsat30-AU-VQA-train
How many distinct river/stream paths can be identified in the image?,1,1,Landsat30-AU-VQA-train
What is the spatial relation between the cultivated fields and the bare ground?,1,1,Landsat30-AU-VQA-train
What is the spatial relation between the large town and the mountains in the image?,1,1,Landsat30-AU-VQA-train
What is the spatial relationship between the urban area and the road in the image?,1,1,Landsat30-AU-VQA-train
Where are the cloud formations located in relation to the ocean?,1,1,Landsat30-AU-VQA-train
What is the relationship between the linear features and the bare surface in the image?,1,1,Landsat30-AU-VQA-train
What is the spatial relationship between the bare surface and the terrestrial vegetation in the image?,1,1,Landsat30-AU-VQA-train
How many distinct irrigated circles are visible crossing through the fields?,1,1,Landsat30-AU-VQA-train
What is the spatial relation between the artificial surfaces and the surrounding vegetation in the image?,1,1,Landsat30-AU-VQA-train
How many distinct dirt tracks can be identified in the image?,1,1,Landsat30-AU-VQA-train
What is the spatial relationship between the dense forest and the cropland in the image?,1,1,Landsat30-AU-VQA-train
How many distinct water bodies (excluding the river) are visible in the lower right corner of the image?,1,1,Landsat30-AU-VQA-train
What is the spatial relationship between the road corridor and the rectangular patches?,1,1,Landsat30-AU-VQA-train
What is the spatial relationship between the bare surface and terrestrial vegetation in the image?,1,1,Landsat30-AU-VQA-train
Where is the small town located in relation to the cropland fields?,1,1,Landsat30-AU-VQA-train
What is the spatial relationship between the water body and the surrounding vegetation?,1,1,Landsat30-AU-VQA-train
How many distinct water bodies (including ponds and coastline) are visible in the bottom right corner of the image?,1,1,Landsat30-AU-VQA-train
What is the spatial relationship between the bare surfaces and the vegetated areas in the image?,1,1,Landsat30-AU-VQA-train
Which of the following objects can be observed in the left centre part of the image?,1,1,Landsat30-AU-VQA-train
What is the spatial relationship between the bare ground and the cultivated terrestrial vegetation?,1,1,Landsat30-AU-VQA-train
What is the spatial relation between the road corridor and the surrounding vegetation in the image?,1,1,Landsat30-AU-VQA-train
What is the spatial relationship between the road and the forest in this image?,1,1,Landsat30-AU-VQA-train
What is the spatial relationship between the cropland and the dense forested area?,1,1,Landsat30-AU-VQA-train
What is the spatial relationship between the cropland and the clusters of trees in the image?,1,1,Landsat30-AU-VQA-train
How many distinct cultivated fields can be identified in the image?,1,1,Landsat30-AU-VQA-train
What is the spatial relation between the river and the vegetated patches?,1,1,Landsat30-AU-VQA-train
What is the spatial relationship between bare ground and natural terrestrial vegetation in the image?,1,1,Landsat30-AU-VQA-train
What is the spatial relationship between the cultivated cropland and the urban fabric in the image?,1,1,Landsat30-AU-VQA-train
Which of the following features is visible along the upper edge of the image?,1,1,Landsat30-AU-VQA-train
What is the spatial relationship between the rectangular fields and the vegetated areas in the image?,1,1,Landsat30-AU-VQA-train
Which of the following features can be seen in the upper left part of the image?,1,1,Landsat30-AU-VQA-train
What is the spatial relation between the road corridors and the natural terrestrial vegetation in the image?,1,1,Landsat30-AU-VQA-train
Which of the following features can not be observed in the image?,1,1,Landsat30-AU-VQA-train
What is the spatial relation between the water body and the natural bare surfaces?,1,1,Landsat30-AU-VQA-train
What is the spatial relation between the irrigated fields and the natural vegetation?,1,1,Landsat30-AU-VQA-train
How many distinct cropland fields can be observed in the image?,1,1,Landsat30-AU-VQA-train
Which type of land cover is most prominent in the central area of the image?,1,1,Landsat30-AU-VQA-train
Which best describes the main land cover in the image?,1,1,Landsat30-AU-VQA-train
What is the spatial relation between the natural bare surface and the surrounding vegetation?,1,1,Landsat30-AU-VQA-train
How many major water bodies (such as rivers or ponds) are visible in the upper part of the image?,1,1,Landsat30-AU-VQA-train
What is the spatial relationship between the main road corridor and the open pit mine?,1,1,Landsat30-AU-VQA-train
How many distinct airstrips can be seen in the image?,1,1,Landsat30-AU-VQA-train
What is the relationship between the shallow channels and the natural bare surface in the image?,1,1,Landsat30-AU-VQA-train
How many major winding water features (rivers or drainage lines) are visible in the image?,1,1,Landsat30-AU-VQA-train
How many distinct water bodies can be identified in the bottom side of the image?,1,1,Landsat30-AU-VQA-train
How many dark circular water bodies can be identified in the image?,1,1,Landsat30-AU-VQA-train
How many distinct water bodies (includes rivers or ponds) are visible in the image?,1,1,Landsat30-AU-VQA-train
What is the spatial relationship between cultivated cropland and natural bare surfaces in the image?,1,1,Landsat30-AU-VQA-train
How many clouds can be identified in the image?,1,1,Landsat30-AU-VQA-train
What is the spatial relation between the fields and the tree belts in the image?,1,1,Landsat30-AU-VQA-train
What is the spatial relationship between the bare surfaces and the water body in the image?,1,1,Landsat30-AU-VQA-train
How many distinct towns are clearly visible in the image?,1,1,Landsat30-AU-VQA-train
What is the spatial relationship between the agricultural fields and the road corridor?,1,1,Landsat30-AU-VQA-train
What is the spatial relationship between the rocky outcrops and the bare landscape in the image?,1,1,Landsat30-AU-VQA-train
What is the spatial relationship between the agricultural fields and the forest?,1,1,Landsat30-AU-VQA-train
Which of the following objects can be observed in the upper right of the image?,1,1,Landsat30-AU-VQA-train
What is the spatial relation between the cropland fields and the natural terrestrial vegetation in the image?,1,1,Landsat30-AU-VQA-train
How many distinct patches of clouds can be seen in the image?,1,1,Landsat30-AU-VQA-train
How many distinct bare patches are clearly visible in the central part of the image?,1,1,Landsat30-AU-VQA-train
What is the spatial relationship between vegetated areas and bare surfaces in the image?,1,1,Landsat30-AU-VQA-train
What is the spatial relationship between the roads and the agricultural fields in the image?,1,1,Landsat30-AU-VQA-train
What is the spatial relation between the patchwork fields and the natural terrestrial vegetation?,1,1,Landsat30-AU-VQA-train
Which of the following objects is present in the lower part of the image?,1,1,Landsat30-AU-VQA-train
What is the spatial relationship between the wetland and the cropland in the image?,1,1,Landsat30-AU-VQA-train
What is the spatial relation between the cropland fields and the urban area in the image?,1,1,Landsat30-AU-VQA-train
How many distinct tracks or paths can be observed in the image?,1,1,Landsat30-AU-VQA-train
How many distinct green fields can be observed in the image?,1,1,Landsat30-AU-VQA-train
How many distinct farm building clusters are visible in the image?,1,1,Landsat30-AU-VQA-train
